NAME: multi_modal_data
TYPE: MM

VEHICLES: 2
DIMENSION: 30

NUM_T: 1
NUM_D: 1

MAXIMUM_SYSTEM_DURATION: 300
UNIT: MIN

SERVICETIME: 5
UNIT: MIN

TAKEOFF_LANDING_TIME: 2
UNIT: MIN

MAX_WAITING_TIME: 99999999
UNIT: MIN

INIT_SOC: 100
MAX_SOC: 100
MIN_SOC_T: 3
MIN_SOC_D: 3
UNIT: %

DEMAND_T: 31
DEMAND_D: 0
UNIT: EA

MASS_T: 1940
MASS_D: 15
UNIT: KG

LIFT_TO_DRAG: 3
POWER_MOTOR_PROP: 0.5
UNIT: RATIO

POWER_ELEC: 0.1
UNIT: KW

CARGO_LIMIT_TRUCK: 99999999999999
UNIT: KG

CARGO_LIMIT_DRONE: 6
UNIT: KG

BATTERY_KWH_T: 100
BATTERY_KWH_D: 0.3
UNIT: KWH 

ENERGY_KWH/KM_T: 1.0
ENERGY_KWH/KM_D: 0.1
UNIT: KWH/KM

CHARGING_KW_D: 0.5
CHARGING_KW_T: 80
UNIT: KW 

LOSISTIC_KWH/KG_T: 0.001
LOSISTIC_KWH/KG_D: 0.001
UNIT: KWH/KG

SPEED_T: 0.3
SPEED_D: 1.0
UNIT: KM/MIN

ALTITUDE: 100
UNIT: M

CURVY_AIR: 1.0
UNIT: RATIO

CURVY_ROAD: 1.0
UNIT: RATIO

DEPOT_SECTION
0

EDGE_KM_D_TYPE: EUC_2D(haversine)
EDGE_KM_T_TYPE: MAN_2D(haversine)
EDGE_KM_D_FORMAT : FULL_MATRIX
EDGE_KM_T_FORMAT : FULL_MATRIX

NODE_COORD_SECTION
0	37.55955535	126.99502921
1	37.55130765	126.99105067
2	37.56121727	127.00171929
3	37.56761266	126.99517529
4	37.54776985	127.00627666
5	37.55588546	127.00141817
6	37.56800574	127.01560640
7	37.56384533	126.98240435
8	37.56428155	127.01708979
9	37.56313518	127.00410925
10	37.56062681	126.97558238
11	37.56191329	126.97990888
12	37.56819252	127.00462179
13	37.56536827	126.96806756
14	37.55204033	127.00411244
15	37.55532971	126.97800144
16	37.55266978	127.01257819
17	37.54759724	126.99509460
18	37.56411590	126.98477990
19	37.55176907	126.99911983
20	37.56171777	127.01773189
21	37.55491551	126.98339058
22	37.54647711	127.00685343
23	37.56136281	126.97129830
24	37.55699941	126.98849995
25	37.55235135	127.00927921
26	37.56747341	126.99508769
27	37.56784220	126.97537189
28	37.56829651	126.97285639
29	37.56698560	127.01876085

EDGE_KM_D
0.00000000	0.98187640	0.61797897	0.89602486	1.64330878	0.69548187	2.04265923	1.21073937	2.01426747	0.89387886	1.71829492	1.35832879	1.27955642	2.46281712	1.15732356	1.57280824	1.72605771	1.32969618	1.03601052	0.93788605	2.01552885	1.14835973	1.78922071	2.10140633	0.64188969	1.48982947	0.88046418	1.96241810	2.18270301	2.24901585
0.98187640	0.00000000	1.44866269	1.84913156	1.39875696	1.04612837	2.85176612	1.58886409	2.71102520	1.74776946	1.71261574	1.53471652	2.22622166	2.55905835	1.15435036	1.23422177	1.90380470	0.54526938	1.52772119	0.71319372	2.62137811	0.78544972	1.49311798	2.06925561	0.67165188	1.61113529	1.83243800	2.30006841	2.47803506	3.00088119
0.61797897	1.44866269	0.00000000	0.91564413	1.54831646	0.59346567	1.43805759	1.72737642	1.39698870	0.29976264	2.30477318	1.92401854	0.81671470	3.00183459	1.04200879	2.19078717	1.34891903	1.62317302	1.52748035	1.07529199	1.41251617	1.76105903	1.70037404	2.68149322	1.25609166	1.18995389	0.90861968	2.43631753	2.66299203	1.63327892
0.89602486	1.84913156	0.91564413	0.00000000	2.41369136	1.41535612	1.80126348	1.20104456	1.96671737	0.93162986	1.89360429	1.48735821	0.83507585	2.40222955	1.90234401	2.03885731	2.26140825	2.22562739	0.99532918	1.79571157	2.09341827	1.75281767	2.56573695	2.21631006	1.31868544	2.10364118	0.01730147	1.74559695	1.96858254	2.07993943
1.64330878	1.39875696	1.54831646	2.41369136	0.00000000	0.99889904	2.39571286	2.76108256	2.06870276	1.71919888	3.06025315	2.80643079	2.27558125	3.89533548	0.51175295	2.63056204	0.77812008	0.98600452	2.62574542	0.77190005	1.85070857	2.16837452	0.15247482	3.43396019	1.87325347	0.57410360	2.40270568	3.52177916	3.72669077	2.40343713
0.69548187	1.04612837	0.59346567	1.41535612	0.99889904	0.00000000	1.83857250	1.89535294	1.66728962	0.84030900	2.33760538	2.01097506	1.39731460	3.12308843	0.48909853	2.06513863	1.04675337	1.07709076	1.72871981	0.50055787	1.57748756	1.59281493	1.15067107	2.72395944	1.14546078	0.79664484	1.40415457	2.65300530	2.87098038	1.96475190
2.04265923	2.85176612	1.43805759	1.80126348	2.39571286	1.83857250	0.00000000	2.96273784	0.43426114	1.14899773	3.62191693	3.21849101	0.96836813	4.20023595	2.04403289	3.60189678	1.72604746	2.90155434	2.75122654	2.31764456	0.72385414	3.19096405	2.51514845	3.97458090	2.68445639	1.82785449	1.80942394	3.54618264	3.76797168	0.30027476
1.21073937	1.58886409	1.72737642	1.20104456	2.76108256	1.89535294	2.96273784	0.00000000	3.05760280	1.91474076	0.69975503	0.30746461	2.01700081	1.27494932	2.32049303	1.02334360	2.93574214	2.12499255	0.21153440	1.99354289	3.12284100	0.99675077	2.89392205	1.01709657	0.93175502	2.69174797	1.18846788	0.76270245	0.97630710	3.22341801
2.01426747	2.71102520	1.39698870	1.96671737	2.06870276	1.66728962	0.43426114	3.05760280	0.00000000	1.15120550	3.68109555	3.28777719	1.18183420	4.32252524	1.77801670	3.58639672	1.35102895	2.68349188	2.84788870	2.10829655	0.29064274	3.14774819	2.17570950	4.04921390	2.64695592	1.49459922	1.97145624	3.69822359	3.92414919	0.33481346
0.89387886	1.74776946	0.29976264	0.93162986	1.71919888	0.84030900	1.14899773	1.91474076	1.15120550	0.00000000	2.52989024	2.13741729	0.56416309	3.18644074	1.23369278	2.45955157	1.38256966	1.90172839	1.70720981	1.33819422	1.21104253	2.04223392	1.86802502	2.89877579	1.53576695	1.28278851	0.93004132	2.58641015	2.81375697	1.36051712
1.71829492	1.71261574	2.30477318	1.89360429	3.06025315	2.33760538	3.62191693	0.69975503	3.68109555	2.52989024	0.00000000	0.40730510	2.69426653	0.84658667	2.69007375	0.62642120	3.37907487	2.24893362	0.89875141	2.29674986	3.71723498	0.93650685	3.17406377	0.38638613	1.20798105	3.10965005	1.88024460	0.80253083	0.88603313	3.87094205
1.35832879	1.53471652	1.92401854	1.48735821	2.80643079	2.01097506	3.21849101	0.30746461	3.28777719	2.13741729	0.40730510	0.00000000	2.28736819	1.11217451	2.39941401	0.75112158	3.05770277	2.07991883	0.49428845	2.03472294	3.33393854	0.83645648	2.93051027	0.76143671	0.93381861	2.79880097	1.47381604	0.77106721	0.94349721	3.47057993
1.27955642	2.22622166	0.81671470	0.83507585	2.27558125	1.39731460	0.96836813	2.01700081	1.18183420	0.56416309	2.69426653	2.28736819	0.00000000	3.23708630	1.79660536	2.74798176	1.86309122	2.43922265	1.80663268	1.88950539	1.36146444	2.38364108	2.42264710	3.03373671	1.88901879	1.80866731	0.84410026	2.57827942	2.79970863	1.25338145
2.46281712	2.55905835	3.00183459	2.40222955	3.89533548	3.12308843	4.20023595	1.27494932	4.32252524	3.18644074	0.84658667	1.11217451	3.23708630	0.00000000	3.50590426	1.41870110	4.16983559	3.09528617	1.47960031	3.12711302	4.39628586	1.78191378	4.01274917	0.52864052	2.02721376	3.91043765	2.39298868	0.70010001	0.53307393	4.47166046
1.15732356	1.15435036	1.04200879	1.90234401	0.51175295	0.48909853	2.04403289	2.32049303	1.77801670	1.23369278	2.69007375	2.39941401	1.79660536	3.50590426	0.00000000	2.33065594	0.74957445	0.93600347	2.16956768	0.44115832	1.61222870	1.85447602	0.66412398	3.07270238	1.48263820	0.45678943	1.89149634	3.08306950	3.29514374	2.10450314
1.57280824	1.23422177	2.19078717	2.03885731	2.63056204	2.06513863	3.60189678	1.02334360	3.58639672	2.45955157	0.62642120	0.75112158	2.74798176	1.41870110	2.33065594	0.00000000	3.06236630	1.73491431	1.14520429	1.90329991	3.57346095	0.47728963	2.72733678	0.89396100	0.94389011	2.77705793	2.02276338	1.41050083	1.51148305	3.81935752
1.72605771	1.90380470	1.34891903	2.26140825	0.77812008	1.04675337	1.72604746	2.93574214	1.35102895	1.38256966	3.37907487	3.05770277	1.86309122	4.16983559	0.74957445	3.06236630	0.00000000	1.64127714	2.76119104	1.19064487	1.10390498	2.58507667	0.85373933	3.76500509	2.17646297	0.29296907	2.25532868	3.68807912	3.90875851	1.68255268
1.32969618	0.54526938	1.62317302	2.22562739	0.98600452	1.07709076	2.90155434	2.12499255	2.68349188	1.90172839	2.24893362	2.07991883	2.43922265	3.09528617	0.93600347	1.73491431	1.64127714	0.00000000	2.04952398	0.58405108	2.53918577	1.31406898	1.04413003	2.59678652	1.19623922	1.35763319	2.21013286	2.84431468	3.02328696	2.99998946
1.03601052	1.52772119	1.52748035	0.99532918	2.62574542	1.72871981	2.75122654	0.21153440	2.84788870	1.70720981	0.89875141	0.49428845	1.80663268	1.47960031	2.16956768	1.14520429	2.76119104	2.04952398	0.00000000	1.86619331	2.91668987	1.03034212	2.76280426	1.22710504	0.85656734	2.52488005	0.98223834	0.92697103	1.14914615	3.01201438
0.93788605	0.71319372	1.07529199	1.79571157	0.77190005	0.50055787	2.31764456	1.99354289	2.10829655	1.33819422	2.29674986	2.03472294	1.88950539	3.12711302	0.44115832	1.90329991	1.19064487	0.58405108	1.86619331	0.00000000	1.97876655	1.43005433	0.90060754	2.67443977	1.10211608	0.89794158	1.78204787	2.75247994	2.95579192	2.42079474
2.01552885	2.62137811	1.41251617	2.09341827	1.85070857	1.57748756	0.72385414	3.12284100	0.29064274	1.21104253	3.71723498	3.33393854	1.36146444	4.39628586	1.61222870	3.57346095	1.10390498	2.53918577	2.91668987	1.97876655	0.00000000	3.12018634	1.94719994	4.09304367	2.62957416	1.28058444	2.09597472	3.79522601	4.02241017	0.59273578
1.14835973	0.78544972	1.76105903	1.75281767	2.16837452	1.59281493	3.19096405	0.99675077	3.14774819	2.04223392	0.93650685	0.83645648	2.38364108	1.78191378	1.85447602	0.47728963	2.58507667	1.31406898	1.03034212	1.43005433	3.12018634	0.00000000	2.27129207	1.28457337	0.50650821	2.29991748	1.73577344	1.60176299	1.75385710	3.39432532
1.78922071	1.49311798	1.70037404	2.56573695	0.15247482	1.15067107	2.51514845	2.89392205	2.17570950	1.86802502	3.17406377	2.93051027	2.42264710	4.01274917	0.66412398	2.72733678	0.85373933	1.04413003	2.76280426	0.90060754	1.94719994	2.27129207	0.00000000	3.54451412	1.99669193	0.68730414	2.55468766	3.65307837	3.85582257	2.51041105
2.10140633	2.06925561	2.68149322	2.21631006	3.43396019	2.72395944	3.97458090	1.01709657	4.04921390	2.89877579	0.38638613	0.76143671	3.03373671	0.52864052	3.07270238	0.89396100	3.76500509	2.59678652	1.22710504	2.67443977	4.09304367	1.28457337	3.54451412	0.00000000	1.59201054	3.49474250	2.20415950	0.80498612	0.78312865	4.22986570
0.64188969	0.67165188	1.25609166	1.31868544	1.87325347	1.14546078	2.68445639	0.93175502	2.64695592	1.53576695	1.20798105	0.93381861	1.88901879	2.02721376	1.48263820	0.94389011	2.17646297	1.19623922	0.85656734	1.10211608	2.62957416	0.50650821	1.99669193	1.59201054	0.00000000	1.90325942	1.30138397	1.67111429	1.86528165	2.88921275
1.48982947	1.61113529	1.18995389	2.10364118	0.57410360	0.79664484	1.82785449	2.69174797	1.49459922	1.28278851	3.10965005	2.79880097	1.80866731	3.91043765	0.45678943	2.77705793	0.29296907	1.35763319	2.52488005	0.89794158	1.28058444	2.29991748	0.68730414	3.49474250	1.90325942	0.00000000	2.09577141	3.44962402	3.66756207	1.82933853
0.88046418	1.83243800	0.90861968	0.01730147	2.40270568	1.40415457	1.80942394	1.18846788	1.97145624	0.93004132	1.88024460	1.47381604	0.84410026	2.39298868	1.89149634	2.02276338	2.25532868	2.21013286	0.98223834	1.78204787	2.09597472	1.73577344	2.55468766	2.20415950	1.30138397	2.09577141	0.00000000	1.73817503	1.96153090	2.08719807
1.96241810	2.30006841	2.43631753	1.74559695	3.52177916	2.65300530	3.54618264	0.76270245	3.69822359	2.58641015	0.80253083	0.77106721	2.57827942	0.70010001	3.08306950	1.41050083	3.68807912	2.84431468	0.92697103	2.75247994	3.79522601	1.60176299	3.65307837	0.80498612	1.67111429	3.44962402	1.73817503	0.00000000	0.22739041	3.82537087
2.18270301	2.47803506	2.66299203	1.96858254	3.72669077	2.87098038	3.76797168	0.97630710	3.92414919	2.81375697	0.88603313	0.94349721	2.79970863	0.53307393	3.29514374	1.51148305	3.90875851	3.02328696	1.14914615	2.95579192	4.02241017	1.75385710	3.85582257	0.78312865	1.86528165	3.66756207	1.96153090	0.22739041	0.00000000	4.04850749
2.24901585	3.00088119	1.63327892	2.07993943	2.40343713	1.96475190	0.30027476	3.22341801	0.33481346	1.36051712	3.87094205	3.47057993	1.25338145	4.47166046	2.10450314	3.81935752	1.68255268	2.99998946	3.01201438	2.42079474	0.59273578	3.39432532	2.51041105	4.22986570	2.88921275	1.82933853	2.08719807	3.82537087	4.04850749	0.00000000

EDGE_KM_T
0.00000000	1.26779927	0.77450551	0.90880897	2.30191521	0.97123930	2.75345064	1.58986249	2.47009419	1.19843333	1.83331207	1.59499582	1.80596312	3.02294490	1.63628935	1.97081011	2.31252483	1.33544773	1.41055187	1.22637052	2.24161414	1.54183403	2.49650133	2.29277875	0.85974011	2.05713830	0.88560415	2.65418173	2.92643201	2.91806975
1.26783809	0.00000000	2.04240887	2.17664848	1.73565373	1.42299090	4.02148949	2.15635687	3.73814751	2.46636000	2.39987302	2.16151455	3.07389480	3.58957916	1.23294813	1.59760644	2.04925008	0.76907716	1.97702308	0.76265659	3.50967372	1.07646211	1.93024548	2.85938149	0.85775768	1.72301628	2.15344281	3.22074473	3.49301955	4.18613938
0.77449236	2.04228381	0.00000000	1.28795365	1.89699545	0.61941444	1.97891783	1.99473530	1.69555846	0.42392312	2.36948584	1.99986373	1.03145191	3.42778952	1.23137385	2.74526898	1.90759268	2.09841212	1.81542936	1.27972181	1.46707715	2.31630350	2.09158044	2.69762973	1.63421963	1.65221264	1.28019180	3.05904072	3.33128605	2.14353074
0.90880758	2.17656892	1.28790413	0.00000000	3.18486510	1.85423550	1.84444690	1.54450127	2.30188216	1.28528631	2.50365391	1.97927773	0.89706410	2.63875915	2.51925987	2.87945536	3.19541464	2.23272784	1.30504172	2.10938863	2.64355405	2.45053066	3.37944572	2.79939995	1.76848544	2.94005957	0.02320399	1.77093723	2.04316353	2.14848735
2.30207200	1.73571744	1.89706795	3.18512569	0.00000000	1.33074364	3.07264648	3.89211049	2.78931071	1.89962966	4.13565518	3.89727861	2.41679579	5.32539275	0.66565603	3.33337848	1.10039440	1.00500975	3.71276676	1.07564446	2.56083961	2.81221160	0.19459416	4.59518157	2.59348580	0.77414680	3.17736523	4.95652777	5.22881311	3.23730957
0.97126704	1.42293476	0.61941634	1.85432212	1.33069700	0.00000000	2.59842176	2.56118433	2.31507175	1.04335453	2.80466353	2.56632850	1.65088656	3.99432898	0.66506175	2.12600224	1.34133398	1.47903757	2.38186341	0.66032187	2.08659449	1.69700277	1.52528563	3.26414881	1.26261816	1.08593313	1.84656083	3.62553411	3.89779530	2.76305457
2.75324491	4.02100440	1.97880629	1.84443740	3.07242314	2.59821831	0.00000000	3.38893272	0.54485271	1.55490237	4.34808218	3.82370802	0.98891551	4.48318391	2.78831430	4.72388475	1.97217959	4.07716520	3.14947428	3.25850722	0.88652431	4.29496257	3.16533561	4.64382622	3.61291973	2.29834822	1.86764135	3.56431699	3.80017238	0.39145712
1.58979841	2.15622863	1.99467525	1.54455820	3.89165653	2.56100528	3.38909616	0.00000000	3.10573218	1.99206808	0.95918305	0.43478758	2.44166441	1.43300965	3.22604166	1.33497371	3.90223416	2.92524581	0.23947014	2.81614817	3.35039654	1.07988014	4.08623972	1.25494819	1.29850878	3.64686438	1.52135382	1.06428355	1.33652106	3.55369926
2.46997083	3.73774786	1.69550274	2.30196854	2.78909950	2.31491608	0.54485925	3.10571428	0.00000000	1.27158828	4.06489379	3.54050057	1.53382316	4.44170610	2.50500020	4.44068571	1.68882818	3.79389084	2.86624537	2.97521512	0.34167442	4.01173978	2.88200943	4.36065672	3.32967443	2.01501135	2.29420637	4.07298380	4.34522000	0.44796622
1.19839487	2.46617729	0.42391769	1.28533364	1.89959027	1.04333145	1.55496862	1.99208632	1.27160589	0.00000000	2.79334422	2.26894512	0.60752763	3.42510800	1.23397358	3.16913285	1.91017320	2.52231478	1.81278577	1.70363361	1.35833991	2.74017961	2.09417395	3.08911296	2.05810732	1.65480065	1.27757159	3.05637578	3.32861540	1.71957438
1.83328742	2.39970249	2.36950410	2.50381585	4.13518836	2.80451862	4.34843161	0.95920903	4.06507327	2.79342888	0.00000000	0.52441194	3.40095803	1.18962330	3.46956525	0.80223991	4.14578999	3.16873507	1.19868821	3.05965275	3.83659241	1.32332483	4.32977376	0.45946125	1.54197293	3.89040765	2.48061114	0.82086939	1.09311648	4.51304672
1.59495364	2.16137476	1.99984577	1.97938068	3.89683746	2.56617511	3.82396534	0.43479329	3.54060475	2.26898011	0.52440536	0.00000000	2.87650848	1.42791605	3.23121765	0.90019049	3.90742950	2.93040119	0.67426886	2.82131274	3.35560366	1.08500876	4.09142198	0.82018029	1.30364908	3.65205218	1.95617610	1.05917326	1.33141652	3.98857565
1.80586510	3.07362371	1.03142795	0.89705762	2.41675581	1.65083991	0.98891308	2.44155013	1.53376546	0.60752456	3.40069808	2.87632487	0.00000000	3.53579816	1.84093649	3.77650119	2.42730104	3.12978540	2.20209221	2.31112831	1.87543691	3.34758019	2.61133604	3.69644118	2.66553848	2.17194823	0.92026155	2.61693285	2.81124987	1.38036951
3.02275947	3.58919686	3.42762425	2.63883114	5.32459731	3.99395483	4.48333227	1.43298382	4.44164307	3.42501278	1.18958114	1.42786765	3.53592032	0.00000000	4.65898634	1.99180748	5.33516358	4.35820676	1.61227809	4.24910185	4.78331667	2.51286217	5.51917947	0.73014393	2.73148161	5.07979975	2.61562692	0.91888973	0.74769062	4.64792968
1.63637010	1.23293681	1.23139983	2.51942452	0.66564509	0.66507400	2.78853140	3.22634482	2.50518813	1.23397362	3.46985505	3.23150033	1.84094623	4.65955467	0.00000000	2.66759057	0.81629462	1.28902123	3.04701309	0.47028722	2.27671379	2.14645091	0.86023635	3.92935980	1.92775091	0.49006367	2.51166362	4.29072657	4.56299921	2.95317855
1.97089522	1.59754436	2.74543417	2.87970492	3.33312565	2.12601764	4.72444871	1.33501807	4.44109967	3.16937394	0.80225506	0.90020535	3.77690629	1.99192546	2.66748897	0.00000000	3.34376676	2.36660228	1.57451214	2.25754519	4.21262283	0.52111870	3.52771465	1.26174316	1.11112248	3.08836375	2.85649966	1.62312577	1.89538863	4.88908359
2.31266777	2.04921540	1.90770248	3.19572230	1.10035788	1.34137643	1.97223453	3.90263308	1.68889016	1.91027805	4.14613823	3.90778673	2.42744715	5.33583225	0.81628831	3.34387555	0.00000000	2.10530282	3.72330312	1.28657182	1.46041534	2.82273991	1.19325989	4.60563979	2.60404372	0.32622849	3.18796133	4.96700960	5.23928036	2.13687934
1.33544866	0.76909491	2.09851885	2.23272975	1.00501203	1.47909956	4.07766042	2.92548972	3.79432494	2.52248047	3.16903581	2.93065835	3.13001752	4.35877493	1.28906862	2.36675862	2.10540772	0.00000000	2.74614551	0.81875516	3.56585398	1.84559063	1.16121992	3.62856308	1.62686379	1.77915944	2.21074187	3.98990844	4.26219430	4.24232415
1.41049657	1.97692807	1.81537127	1.30508473	3.71235109	2.38170140	3.14961616	0.23946938	2.86625170	1.81276334	1.19865024	0.67425616	2.20218792	1.61230286	3.04673691	1.57444168	3.72292671	2.74594395	0.00000000	2.63684502	3.17108744	1.14549468	3.90693410	1.49441401	1.11920903	3.46755798	1.28188038	1.24357910	1.51581580	3.31421825
1.22640820	0.76265218	1.27975087	2.10946257	1.07561061	0.66033306	3.25882391	2.81638697	2.97548112	1.70370070	3.05989939	2.82154328	2.31123521	4.24960142	0.47028882	2.25763413	1.28658615	0.81873530	2.63705447	0.00000000	2.74700698	1.73649274	1.27020204	3.51940552	1.51779111	0.96035415	2.10170170	3.88077098	4.15304443	3.42347208
2.24155606	3.50934515	1.46706767	2.64371138	2.56065061	2.08648193	0.88654012	3.35048546	0.34167637	1.35836276	3.83653801	3.35561241	1.87553735	4.78353117	2.27655788	4.21232258	1.46036018	3.56547586	3.17118093	2.74678794	0.00000000	3.78336031	2.65355879	4.13231392	3.10127946	1.78655335	2.63594948	4.41478671	4.68703054	0.67645298
1.54189792	1.07642942	2.31644014	2.45070769	2.81201817	1.69702346	4.29546149	1.07989055	4.01211318	2.74038108	1.32337759	1.08503758	3.34791369	2.51305166	2.14638043	0.52112134	2.82266237	1.84548932	1.14550981	1.73643420	3.78363665	0.00000000	3.00660746	1.78286778	0.68212197	2.56725774	2.42750238	2.14424840	2.41651248	4.46009791
2.49668425	1.93033577	2.09166996	3.37973771	0.19459505	1.52534611	3.16555853	4.08674203	2.88222502	2.09422802	4.33029715	4.09191397	2.61139337	5.52004622	0.86025438	3.52801676	1.19330182	1.16123550	3.90739467	1.27025045	2.65375491	3.00684164	0.00000000	4.78983010	2.78810802	0.86704917	3.37197739	5.15117006	5.42345925	3.33022644
2.29272801	2.85914654	2.69762449	2.79957652	4.59461915	3.26395364	4.64417447	1.25498081	4.36081484	3.08918176	0.45945752	0.82018590	3.69671046	0.73015924	3.92899792	1.26169532	4.60521529	3.62817560	1.49445793	3.51908977	4.13233342	1.78277555	4.78920404	0.00000000	2.00141920	4.34983582	2.77637188	1.07954126	0.90833022	4.80878683
0.85975985	0.85774051	1.63428559	1.76856926	2.59329173	1.26260113	3.61327271	1.29855815	3.32992074	2.05822063	1.54202836	1.30369902	2.66575198	2.73168391	1.92765933	1.11110174	2.60392040	1.62679045	1.11924035	1.51772540	3.10144263	0.68210937	2.78787960	2.00150799	0.00000000	2.34852390	1.74536418	2.36289866	2.63515654	3.77790135
2.05725974	1.72299378	1.65229193	2.94031421	0.77413053	1.08596599	2.29846540	3.64722981	2.01512159	1.65486660	3.89073753	3.65238440	2.17203551	5.08043438	0.49006177	3.08847394	0.32622973	1.77907968	3.46789895	0.96034716	1.78664701	2.56733626	0.86703231	4.35024071	2.34863815	0.00000000	2.93255328	4.71160898	4.98388069	2.46311139
0.88560360	2.15336560	1.28014271	0.02320400	3.17710443	1.84647404	1.86765427	1.52129938	2.29412328	1.27752529	2.48045314	1.95607625	0.92026966	2.61555962	2.51149885	2.85625419	3.18765502	2.21074171	1.28183943	2.10162679	2.63579527	2.42732860	3.37168515	2.77619989	1.74528254	2.93229940	0.00000000	1.77870299	2.05092970	2.14072874
2.65398900	3.22043804	3.05883420	1.77093185	4.95579392	3.62516566	3.56432478	1.06425030	4.07280804	3.05621573	0.82086759	1.05914143	2.61694497	0.91886835	4.29018929	1.62308685	4.96634175	3.98943609	1.24353762	3.88031941	4.41447975	2.14412577	5.15037439	1.07951003	2.36273025	4.71098758	1.77869439	0.00000000	0.27222561	3.91941277
2.92620269	3.49265387	3.33104429	2.04314547	5.22800157	3.89737591	3.80015767	1.33647078	4.34500987	3.32842454	1.09309174	1.33136326	2.81124596	0.74767403	4.56239810	1.89530970	5.23854601	4.26164975	1.51575682	4.15253090	4.68668124	2.41634572	5.42258173	0.90831744	2.63494745	4.98319361	2.05090805	0.27222426	0.00000000	4.19161370
2.91786113	4.18562542	2.14341443	2.14850485	3.23702578	2.76282682	0.39146093	3.55356418	0.44796088	1.71950763	4.51272187	3.98834248	1.38038970	4.64783267	2.95291956	4.88852152	2.13677462	4.24178134	3.31410287	3.42311851	0.67644657	4.45959283	3.32993756	4.80847108	3.77754383	2.46294724	2.14074240	3.91945675	4.19168491	0.00000000

DEMAND_SECTION
0 0
1 1
2 1
3 1
4 1
5 1
6 1
7 1
8 1
9 1
10 1
11 1
12 1
13 1
14 1
15 1
16 1
17 1
18 1
19 1
20 1
21 1
22 1
23 1
24 1
25 1
26 1
27 1
28 1
29 1

LOGISTIC_LOAD_SECTION
0	0
1	0
2	0
3	0
4	0
5	0
6	0
7	0
8	0
9	0
10	0
11	0
12	0
13	0
14	0
15	0
16	0
17	0
18	0
19	0
20	0
21	0
22	0
23	0
24	0
25	0
26	0
27	0
28	0
29	0

AVAILABILITY_LANDING_SPOT_SECTION
0	1
1	1
2	1
3	1
4	1
5	1
6	1
7	1
8	1
9	1
10	1
11	1
12	1
13	1
14	1
15	1
16	1
17	1
18	1
19	1
20	1
21	1
22	1
23	1
24	1
25	1
26	1
27	1
28	1
29	1

CUSTOMER_DRONE_PREFERENCE_SECTION
0	1
1	1
2	1
3	1
4	1
5	1
6	1
7	1
8	1
9	1
10	1
11	1
12	1
13	1
14	1
15	1
16	1
17	1
18	1
19	1
20	1
21	1
22	1
23	1
24	1
25	1
26	1
27	1
28	1
29	1

PRICE_SECTION
0	3
1	3
2	3
3	3
4	3
5	3
6	3
7	3
8	3
9	3
10	3
11	3
12	3
13	3
14	3
15	3
16	3
17	3
18	3
19	3
20	3
21	3
22	3
23	3
24	3
25	3
26	3
27	3
28	3
29	3

PRIORITY_DELIVERY_TIME_SECTION
0	0
1	0
2	0
3	0
4	0
5	0
6	0
7	0
8	0
9	0
10	0
11	0
12	0
13	0
14	0
15	0
16	0
17	0
18	0
19	0
20	0
21	0
22	0
23	0
24	0
25	0
26	0
27	0
28	0
29	0

EOF
