NAME: multi_modal_data
TYPE: MM

VEHICLES: 2
DIMENSION: 50

NUM_T: 2
NUM_D: 1

MAXIMUM_SYSTEM_DURATION: 300
UNIT: MIN

SERVICETIME: 5
UNIT: MIN

TAKEOFF_LANDING_TIME: 2
UNIT: MIN

MAX_WAITING_TIME: 99999999
UNIT: MIN

INIT_SOC: 100
MAX_SOC: 100
MIN_SOC_T: 3
MIN_SOC_D: 3
UNIT: %

DEMAND_T: 26
DEMAND_D: 0
UNIT: EA

MASS_T: 1940
MASS_D: 15
UNIT: KG

LIFT_TO_DRAG: 3
POWER_MOTOR_PROP: 0.5
UNIT: RATIO

POWER_ELEC: 0.1
UNIT: KW

CARGO_LIMIT_TRUCK: 99999999999999
UNIT: KG

CARGO_LIMIT_DRONE: 6
UNIT: KG

BATTERY_KWH_T: 100
BATTERY_KWH_D: 0.3
UNIT: KWH 

ENERGY_KWH/KM_T: 1.0
ENERGY_KWH/KM_D: 0.1
UNIT: KWH/KM

CHARGING_KW_D: 0.5
CHARGING_KW_T: 80
UNIT: KW 

LOSISTIC_KWH/KG_T: 0.001
LOSISTIC_KWH/KG_D: 0.001
UNIT: KWH/KG

SPEED_T: 0.3
SPEED_D: 1.0
UNIT: KM/MIN

ALTITUDE: 100
UNIT: M

CURVY_AIR: 1.0
UNIT: RATIO

CURVY_ROAD: 1.0
UNIT: RATIO

DEPOT_SECTION
0

EDGE_KM_D_TYPE: EUC_2D(haversine)
EDGE_KM_T_TYPE: MAN_2D(haversine)
EDGE_KM_D_FORMAT : FULL_MATRIX
EDGE_KM_T_FORMAT : FULL_MATRIX

NODE_COORD_SECTION
0	37.52396119	126.85509454
1	37.51424400	126.85611963
2	37.53105706	126.86393691
3	37.53634447	126.86856881
4	37.53113407	126.88912550
5	37.52130613	126.82622399
6	37.52142305	126.83400235
7	37.54519788	126.86857338
8	37.53034392	126.86556199
9	37.52018652	126.83678144
10	37.52134453	126.87865232
11	37.51137565	126.82658868
12	37.52831705	126.85462177
13	37.52756067	126.82862518
14	37.52167767	126.84712845
15	37.52327003	126.85632914
16	37.53349493	126.87748912
17	37.53340590	126.86651782
18	37.50973630	126.83721352
19	37.51226943	126.85080315
20	37.51492697	126.85095379
21	37.51865391	126.85573507
22	37.52666597	126.87521662
23	37.51814098	126.85168569
24	37.54023431	126.88235842
25	37.52138397	126.87636433
26	37.52104283	126.84490906
27	37.53240491	126.87359754
28	37.51789890	126.84461247
29	37.52033841	126.86879533
30	37.52156298	126.85045510
31	37.53813437	126.82325872
32	37.52208653	126.83041755
33	37.52212820	126.85224691
34	37.53869727	126.87589548
35	37.53582340	126.82981492
36	37.51395537	126.82608597
37	37.53301206	126.83458014
38	37.52214577	126.86923735
39	37.53302557	126.88803401
40	37.51117010	126.87193614
41	37.51793168	126.83197961
42	37.53543544	126.88914545
43	37.51146152	126.86808036
44	37.50551885	126.83340600
45	37.52267237	126.87870192
46	37.51733452	126.84660652
47	37.52772207	126.83757028
48	37.51660546	126.82809858
49	37.52229417	126.87698995

EDGE_KM_D
0.00000000	1.08427864	1.10931876	1.81873326	3.10518183	2.56316033	1.88141277	2.64364219	1.16437778	1.66869778	2.09784130	2.87735743	0.48614167	2.36830721	0.74700781	0.13327042	2.24137171	1.45521992	2.23360506	1.35403769	1.06888032	0.59284000	1.79981497	0.71359697	3.00898136	1.89755144	0.95508024	1.88251312	1.14411127	1.27366669	0.48838359	3.21941403	2.18621888	0.32343363	2.45953891	2.59020070	2.78985219	2.07013239	1.26348129	3.07461224	2.05651736	2.14597774	3.26250201	1.80098099	2.80439280	2.08684782	1.05039265	1.60098482	2.51743267	1.93982531
1.08427864	0.00000000	1.99259207	2.69154547	3.46409414	2.75112960	2.10767477	3.61287076	1.97442798	1.82909164	2.13838973	2.62413928	1.57041936	2.84117245	1.14545582	1.00381981	2.85196991	2.31965825	1.74127363	0.51777768	0.46191088	0.49153204	2.17818145	0.58369630	3.70216473	1.95405618	1.24463419	2.54043305	1.09325431	1.30730799	0.95494191	3.93123589	2.42876357	0.94086965	3.23028898	3.33750224	2.64917265	2.82196690	1.45274800	3.50469569	1.43630970	2.16822798	3.74633380	1.09939217	2.22601412	2.20113513	0.90668862	2.21862105	2.48533241	2.04678438
1.10931876	1.99259207	0.00000000	0.71587693	2.22115217	3.49803480	2.84889035	1.62466311	0.16377810	2.68252031	1.68830639	3.95456971	0.87611029	3.13804834	1.81241446	1.09537247	1.22537861	0.34642141	3.34291610	2.38870817	2.12789348	1.55732831	1.10805625	1.79721166	1.91826572	1.53556699	2.01385696	0.86495259	2.24610221	1.26653112	1.58996545	3.67216006	3.11968813	1.43124928	1.35411219	3.05511251	3.84174573	2.59776594	1.09560516	2.13610524	2.32113648	3.17373871	2.27552282	2.20935637	3.91338471	1.60143685	2.15965933	2.35445633	3.54560231	1.50812467
1.81873326	2.69154547	0.71587693	0.00000000	1.90297032	4.09141153	3.47048171	0.98445502	0.71797921	3.32950210	1.89013799	4.62758722	1.51961887	3.65511381	2.49687521	1.81066172	0.84797719	0.37346339	4.04972964	3.10178763	2.84336522	2.26943242	1.22549700	2.51272108	1.29049696	1.79997433	2.69221343	0.62330840	2.94446342	1.77990747	2.29192965	4.00007986	3.71912106	2.13786398	0.69697659	3.41758964	4.49819408	3.01980543	1.57992637	1.75559024	2.81497363	3.82137968	1.81714984	2.76719686	4.62229124	1.76342545	2.86691634	2.89669514	4.18981166	1.72982797
3.10518183	3.46409414	2.22115217	1.90297032	0.00000000	5.65365582	4.97957489	2.39360099	2.07970218	4.77386143	1.42756843	5.93673612	3.05868438	5.34983386	3.84992048	3.02144504	1.05913104	2.00946113	5.15962251	3.97775307	3.81838737	3.25524077	1.32332954	3.60400089	1.17472534	1.56263710	4.05751967	1.37651960	4.19231813	2.15761908	3.57239259	5.85980266	5.27403439	3.40284372	1.43810388	5.25578317	5.87848628	4.81429054	2.01863478	0.23130098	2.68813695	5.24904958	0.47829417	2.86877745	5.67997262	1.31538211	4.05149368	4.56205657	5.61912885	1.45309270
2.56316033	2.75112960	3.49803480	4.09141153	5.65365582	0.00000000	0.68611051	4.58285351	3.61171086	0.93937388	4.62375069	1.10468858	2.62286769	0.72699660	1.84406114	2.66395923	4.71958963	3.79948922	1.61076729	2.38937399	2.29350687	2.61933710	4.36150622	2.27297458	5.37885113	4.42197391	1.64813368	4.35612448	1.66541783	3.75601038	2.13717263	1.88939861	0.37987998	2.29681587	4.78800259	1.64501468	0.81745911	1.49575162	3.79455407	5.60432126	4.18628669	0.63123709	5.76677589	3.85051415	1.86626380	4.63057406	1.85107286	1.22889505	0.54821553	4.47846028
1.88141277	2.10767477	2.84889035	3.47048171	4.97957489	0.68611051	0.00000000	4.03503944	2.95462338	0.28102749	3.93776765	1.29449812	1.97335737	0.83104552	1.15795742	1.97969489	4.06300616	3.16182726	1.33001383	1.79768479	1.66039552	1.94125593	3.68108633	1.60168921	4.74947776	3.73597756	0.96281250	3.69907896	1.01448633	3.07084327	1.45107739	2.08579030	0.32464204	1.61092018	4.16372461	1.64327391	1.08489015	1.28964793	3.10845786	4.93634671	3.53458783	0.42724829	5.10623226	3.20320994	1.76925034	3.94454364	1.20098618	0.76784851	0.74704377	3.79236346
2.64364219	3.61287076	1.62466311	0.98445502	2.39360099	4.58285351	4.03503944	0.00000000	1.67289282	3.94887000	2.79731056	5.27745907	2.24425349	4.03155579	3.22733430	2.66660981	1.52031828	1.32367668	4.81624263	3.98271680	3.70726913	3.16121566	2.14229424	3.35696344	1.33482747	2.73565304	3.40123023	1.48989439	3.69845064	2.76431960	3.07558725	4.07176241	4.23366483	2.94158819	0.96914997	3.57274676	5.10940037	3.28927075	2.56394955	2.18543661	3.79532356	4.42771158	2.11384705	3.75156843	5.39303583	2.65918805	3.65395477	3.35395910	4.77980782	2.65270947
1.16437778	1.97442798	0.16377810	0.71797921	2.07970218	3.61171086	2.95462338	1.67289282	0.00000000	2.77803667	1.52774098	4.03269311	0.99071058	3.27186060	1.88974513	1.13209337	1.10855330	0.35075358	3.39139281	2.39446397	2.14441286	1.56227115	0.94451020	1.82721324	1.84470196	1.37844205	2.09447423	0.74471197	2.30830096	1.14852171	1.65171643	3.82942090	3.23239790	1.48772432	1.30115017	3.21044806	3.92952578	2.74802802	0.96749934	2.00388179	2.20490022	3.26739116	2.15523417	2.11134416	3.95764794	1.43888268	2.21066683	2.48554118	3.63995509	1.34789458
1.66869778	1.82909164	2.68252031	3.32950210	4.77386143	0.93937388	0.28102749	3.94887000	2.77803667	0.00000000	3.69494040	1.32967397	1.81456710	1.09074631	0.92746841	1.75770398	3.88287155	3.00619615	1.16263739	1.51802171	1.38000202	1.68026177	3.46529918	1.33400466	4.59587396	3.49344991	0.72309324	3.51947024	0.73600842	2.82345370	1.21558596	2.32483271	0.59969211	1.38091370	4.01663279	1.84408198	1.17042668	1.43928820	2.87063025	4.73984872	3.25865473	0.49214985	4.91914554	2.92603246	1.65792257	3.70735585	0.92272960	0.84079865	0.86312805	3.55380069
2.09784130	2.13838973	1.68830639	1.89013799	1.42756843	4.62375069	3.93776765	2.79731056	1.52774098	3.69494040	0.00000000	4.72379224	2.25656929	4.46561614	2.78038619	1.98030340	1.35495356	1.71574697	3.87608107	2.65542746	2.54498018	2.04317323	0.66478076	2.40481545	2.12572209	0.20182966	2.97607282	1.30814931	3.02645371	0.87648034	2.48687819	5.22932912	4.25468873	2.33035754	1.94479371	4.59773514	4.70839276	4.09732267	0.83508464	1.53997932	1.27703795	4.13369929	1.81967130	1.44120902	4.36153291	0.14771428	2.86120963	3.69169495	4.48959867	0.18067659
2.87735743	2.62413928	3.95456971	4.62758722	5.93673612	1.10468858	1.29449812	5.27745907	4.03269311	1.32967397	4.72379224	0.00000000	3.10823952	1.80863360	2.14335729	2.93758692	5.11858750	4.28962288	0.95472229	2.13810069	2.18501775	2.69507326	4.61343764	2.33788172	5.87242462	4.52895360	1.94071320	4.75975128	1.74735773	3.85365288	2.39040623	2.98989384	1.23794635	2.55941927	5.30441332	2.73331766	0.29025838	2.50696551	3.94753505	5.92958509	3.99987716	0.87035474	6.13130513	3.65972337	0.88641261	4.76478366	1.88581148	2.05956988	0.59658233	4.60805917
0.48614167	1.57041936	0.87611029	1.51961887	3.05868438	2.62286769	1.97335737	2.24425349	0.99071058	1.81456710	2.25656929	3.10823952	0.00000000	2.29402505	0.99081582	0.58105107	2.09704053	1.19188572	2.57408284	1.81591799	1.52364659	1.07896944	1.82540279	1.16077719	2.78164387	2.06660144	1.17809855	1.73394395	1.45643036	1.53279233	0.83609158	2.97317774	2.24412074	0.71933248	2.20252083	2.34127934	2.98054791	1.84278272	1.46019639	2.99247319	2.44276888	2.30668490	3.14549294	2.21848886	3.15083025	2.21436964	1.41102660	1.50512138	2.67717453	2.08317216
2.36830721	2.84117245	3.13804834	3.65511381	5.34983386	0.72699660	0.83104552	4.03155579	3.27186060	1.09074631	4.46561614	1.80863360	2.29402505	0.00000000	1.75800531	2.48927677	4.35909981	3.40403668	2.12178651	2.59167961	2.41893305	2.58782732	4.10986842	2.28758704	4.94316912	4.26567904	1.60856999	4.00214733	1.77259336	3.63243999	2.03738119	1.26739736	0.62888513	2.16895911	4.34825349	0.92474582	1.52932630	0.80198912	3.63175074	5.27386675	4.23229727	1.11081209	5.40802287	3.91318088	2.48694709	4.44945829	1.95133215	0.78902177	1.21905008	4.30518391
0.74700781	1.14545582	1.81241446	2.49687521	3.84992048	1.84406114	1.15795742	3.22733430	1.88974513	0.92746841	2.78038619	2.14335729	0.99081582	1.75800531	0.00000000	0.83050715	2.98241272	2.15041524	1.58991430	1.09520212	0.82297689	0.83017863	2.53839484	0.56231091	3.72941880	2.57856394	0.20807247	2.62129584	0.47517218	1.91664316	0.29365839	2.78909254	1.47445469	0.45417370	3.16487937	2.19205868	2.04488496	1.67717711	1.95050258	3.82157226	2.48039920	1.39945700	4.00858391	2.16914959	2.16640872	2.78668431	0.48512560	1.07806913	1.77056106	2.63440735
0.13327042	1.00381981	1.09537247	1.81066172	3.02144504	2.66395923	1.97969489	2.66660981	1.13209337	1.75770398	1.98030340	2.93758692	0.58105107	2.48927677	0.83050715	0.00000000	2.18505860	1.44135852	2.25989032	1.31672992	1.04182008	0.51595634	1.70790666	0.70212250	2.97093497	1.77931774	1.03714811	1.83048268	1.19350730	1.14671838	0.55171610	3.35200712	2.28893477	0.38174551	2.43302344	2.72306355	2.86133454	2.20268869	1.14522041	2.99891881	1.92482488	2.22798098	3.19438034	1.67279753	2.82556497	1.97417009	1.08205817	1.72676856	2.59769884	1.82530581
2.24137171	2.85196991	1.22537861	0.84797719	1.05913104	4.71958963	4.06300616	1.52031828	1.10855330	3.88287155	1.35495356	5.11858750	2.09704053	4.35909981	2.98241272	2.18505860	0.00000000	0.96747232	4.42671211	3.33302557	3.12072909	2.53053444	0.78534347	2.84478172	0.86366272	1.35032733	3.18930308	0.36392905	3.37835559	1.65165606	2.72831374	4.80949471	4.34047943	2.55976823	0.59529670	4.21168717	5.02697190	3.78399556	1.45673693	0.93128719	2.53025554	4.37054198	1.05021661	2.58670445	4.97921453	1.20815870	3.26285142	3.57812651	4.74325149	1.24624703
1.45521992	2.31965825	0.34642141	0.37346339	2.00946113	3.79948922	3.16182726	1.32367668	0.35075358	3.00619615	1.71574697	4.28962288	1.19188572	3.40403668	2.15041524	1.44135852	0.96747232	0.00000000	3.68865740	2.72844738	2.47103274	1.89603093	1.07241404	2.14288594	1.58976207	1.59403323	2.34968273	0.63412105	2.58938461	1.46685514	1.93405864	3.85042559	3.42326178	1.77660322	1.01483926	3.24746215	4.17031560	2.81653256	1.27483145	1.89772014	2.51826259	3.49822963	2.00794333	2.44399437	4.25952228	1.60589595	2.50535902	2.62969687	3.86898934	1.54254241
2.23360506	1.74127363	3.34291610	4.04972964	5.15962251	1.61076729	1.33001383	4.81624263	3.39139281	1.16263739	3.87608107	0.95472229	2.57408284	2.12178651	1.58991430	2.25989032	4.42671211	3.68865740	0.00000000	1.23131051	1.34234750	1.91100080	3.84417750	1.58200258	5.22976999	3.68795101	1.42874498	4.08042873	1.11789458	3.02469416	1.75879643	3.38906206	1.49839283	1.91225422	4.69120538	2.97323465	1.08784179	2.59854871	3.14348924	5.17630568	3.06684303	1.02154164	5.39827684	2.72934340	0.57681928	3.93175847	1.18329867	2.00017589	1.10894186	3.77589147
1.35403769	0.51777768	2.38870817	3.10178763	3.97775307	2.38937399	1.79768479	3.98271680	2.39446397	1.51802171	2.65542746	2.13810069	1.81591799	2.59167961	1.09520212	1.31672992	3.33302557	2.72844738	1.23131051	0.00000000	0.29580324	0.83258948	2.68301503	0.65751065	4.17288083	2.47175703	1.10541881	3.00899850	0.83064262	1.82295825	1.03385218	3.76457827	2.10338241	1.10361695	3.67861167	3.20710473	2.18813768	2.71418058	1.96198391	4.01341112	1.86799929	1.77559731	4.25077614	1.52654627	1.70829321	2.71891192	0.67395318	2.07711728	2.05976670	2.56451640
1.06888032	0.46191088	2.12789348	2.84336522	3.81838737	2.29350687	1.66039552	3.70726913	2.14441286	1.38000202	2.54498018	2.18501775	1.52364659	2.41893305	0.82297689	1.04182008	3.12072909	2.47103274	1.34234750	0.29580324	0.00000000	0.59124330	2.50651012	0.36316517	3.94822113	2.35329890	0.86411193	2.78653319	0.64962391	1.68468091	0.73920131	3.55304095	1.97843920	0.80882259	3.43859732	2.97895461	2.19599907	2.47569490	1.80126062	3.83970179	1.89723759	1.70650354	4.06742474	1.55896108	1.86817835	2.59436564	0.46763121	1.84861296	2.02441474	2.43800878
0.59284000	0.49153204	1.55732831	2.26943242	3.25524077	2.61933710	1.94125593	3.16121566	1.56227115	1.68026177	2.04317323	2.69507326	1.07896944	2.58782732	0.83017863	0.51595634	2.53053444	1.89603093	1.91100080	0.83258948	0.59124330	0.00000000	1.93533304	0.36166171	3.35707644	1.84451563	0.99104682	2.19529843	0.98454762	1.16696696	0.56698510	3.59080855	2.26521475	0.49384462	2.85093086	2.97818935	2.66666305	2.45547749	1.25250822	3.26600133	1.65357783	2.09665979	3.48750608	1.35099841	2.45195548	2.07420644	0.81835685	1.89287224	2.44805198	1.91773283
1.79981497	2.17818145	1.10805625	1.22549700	1.32332954	4.36150622	3.68108633	2.14229424	0.94451020	3.46529918	0.66478076	4.61343764	1.82540279	4.10986842	2.53839484	1.70790666	0.78534347	1.07241404	3.84417750	2.68301503	2.50651012	1.93533304	0.00000000	2.28146074	1.63488567	0.59599003	2.74495008	0.65391797	2.86965970	0.90317615	2.25620059	4.75574242	3.98342993	2.08755464	1.33915981	4.13098848	4.55766184	3.65221407	0.72847638	1.33324937	1.74718600	3.93484169	1.56826468	1.80400940	4.37353724	0.54006269	2.72817554	3.32191368	4.30335413	0.51065826
0.71359697	0.58369630	1.79721166	2.51272108	3.60400089	2.27297458	1.60168921	3.35696344	1.82721324	1.33400466	2.40481545	2.33788172	1.16077719	2.28758704	0.56231091	0.70212250	2.84478172	2.14288594	1.58200258	0.65751065	0.36316517	0.36166171	2.28146074	0.00000000	3.65392338	2.20616973	0.67919815	2.49991888	0.62440771	1.52862749	0.39568443	3.35059647	1.92633122	0.44611377	3.12769880	2.75421953	2.30531450	2.23827696	1.61071824	3.60751725	1.94702709	1.73814650	3.82238356	1.62559465	2.13762723	2.43533400	0.45684988	1.63848412	2.08729483	2.27894372
3.00898136	3.70216473	1.91826572	1.29049696	1.17472534	5.37885113	4.74947776	1.33482747	1.84470196	4.59587396	2.12572209	5.87242462	2.78164387	4.94316912	3.72941880	2.97093497	0.86366272	1.58976207	5.22976999	4.17288083	3.94822113	3.35707644	1.63488567	3.65392338	0.00000000	2.16168108	3.93182163	1.16389760	4.15299492	2.51492014	3.49640041	5.21608912	5.00498828	3.33222143	0.59491782	4.65875722	5.75880632	4.28864934	2.32039746	0.94496716	3.35995019	5.08785126	0.80178352	3.43824398	5.79124325	1.97924043	4.05258409	4.18718236	5.45873322	2.05025488
1.89755144	1.95405618	1.53556699	1.79997433	1.56263710	4.42197391	3.73597756	2.73565304	1.37844205	3.49344991	0.20182966	4.52895360	2.06660144	4.26567904	2.57856394	1.77931774	1.35032733	1.59403323	3.68795101	2.47175703	2.35329890	1.84451563	0.59599003	2.20616973	2.16168108	0.00000000	2.77435988	1.24952690	2.82700307	0.67757624	2.28506389	5.03975690	4.05285953	2.12855545	1.92559786	4.40771240	4.51063439	3.90500520	0.63421962	1.65369976	1.20100866	3.93323299	1.92654547	1.32330886	4.17952588	0.25104570	2.66281074	3.49300579	4.28981031	0.11527200
0.95508024	1.24463419	2.01385696	2.69221343	4.05751967	1.64813368	0.96281250	3.40123023	2.09447423	0.72309324	2.97607282	1.94071320	1.17809855	1.60856999	0.20807247	1.03714811	3.18930308	2.34968273	1.42874498	1.10541881	0.86411193	0.99104682	2.74495008	0.67919815	3.93182163	2.77435988	0.00000000	2.82782888	0.35056677	2.10804671	0.49252261	2.69384784	1.28328686	0.65829343	3.36450772	2.11491878	1.83769081	1.61276379	2.14904999	4.02963601	2.62437481	1.19162085	4.21645021	2.30469041	2.00227686	2.98573431	0.43868079	0.98511981	1.56254578	2.83267721
1.88251312	2.54043305	0.86495259	0.62330840	1.37651960	4.35612448	3.69907896	1.48989439	0.74471197	3.51947024	1.30814931	4.75975128	1.73394395	4.00214733	2.62129584	1.83048268	0.36392905	0.63412105	4.08042873	3.00899850	2.78653319	2.19529843	0.65391797	2.49991888	1.16389760	1.24952690	2.82782888	0.00000000	3.02249494	1.40698031	2.37030313	4.48412851	3.97692049	2.20244016	0.72842821	3.87927331	4.66529258	3.44115108	1.20382235	1.27485328	2.36574756	4.00751307	1.41177394	2.37908845	4.63706959	1.17208923	2.91098732	3.21932610	4.38021500	1.16338522
1.14411127	1.09325431	2.24610221	2.94446342	4.19231813	1.66541783	1.01448633	3.69845064	2.30830096	0.73600842	3.02645371	1.74735773	1.45643036	1.77259336	0.47517218	1.19350730	3.37835559	2.58938461	1.11789458	0.83064262	0.64962391	0.98454762	2.86965970	0.62440771	4.15299492	2.82700307	0.35056677	3.02249494	0.00000000	2.14997423	0.65689677	2.93407299	1.33569193	0.82128134	3.59980653	2.38229808	1.69181824	1.89916865	2.22249889	4.18234567	2.52341792	1.11417138	4.38463335	2.19013540	1.69471324	3.05294653	0.18672891	1.25650219	1.46355339	2.89699766
1.27366669	1.30730799	1.26653112	1.77990747	2.15761908	3.75601038	3.07084327	2.76431960	1.14852171	2.82345370	0.87648034	3.85365288	1.53279233	3.63243999	1.91664316	1.14671838	1.65165606	1.46685514	3.02469416	1.82295825	1.68468091	1.16696696	0.90317615	1.52862749	2.51492014	0.67757624	2.10804671	1.40698031	2.14997423	0.00000000	1.62318799	4.47663024	3.39018787	1.47294385	2.13527159	3.84457847	3.83311089	3.33016120	0.20471513	2.20648308	1.05643605	3.25794973	2.45733855	0.98907844	3.52967215	0.91140817	1.98523767	2.87348446	3.61317907	0.75470906
0.48838359	0.95494191	1.58996545	2.29192965	3.57239259	2.13717263	1.45107739	3.07558725	1.65171643	1.21558596	2.48687819	2.39040623	0.83609158	2.03738119	0.29365839	0.55171610	2.72831374	1.93405864	1.75879643	1.03385218	0.73920131	0.56698510	2.25620059	0.39568443	3.49640041	2.28506389	0.49252261	2.37030313	0.65689677	1.62318799	0.00000000	3.02437751	1.76809396	0.17006221	2.94324255	2.41396446	2.30974231	1.89223089	1.65769619	3.55055001	2.21921582	1.67870523	3.74434688	1.91784558	2.33324015	2.49416367	0.57989618	1.32671639	2.04733015	2.34154918
3.21941403	3.93123589	3.67216006	4.00007986	5.85980266	1.88939861	2.08579030	4.07176241	3.82942090	2.32483271	5.22932912	2.98989384	2.97317774	1.26739736	2.78909254	3.35200712	4.80949471	3.85042559	3.38906206	3.76457827	3.55304095	3.59080855	4.75574242	3.35059647	5.21608912	5.03975690	2.69384784	4.48412851	2.93407299	4.47663024	3.02437751	0.00000000	1.89281215	3.11479801	4.64148857	0.63262266	2.70012148	1.14932615	4.42712082	5.73973759	5.23617485	2.37442968	5.81721061	4.94170672	3.73546389	5.18253739	3.09650333	1.71261522	2.43165774	5.05488297
2.18621888	2.42876357	3.11968813	3.71912106	5.27403439	0.37987998	0.32464204	4.23366483	3.23239790	0.59969211	4.25468873	1.23794635	2.24412074	0.62888513	1.47445469	2.28893477	4.34047943	3.42326178	1.49839283	2.10338241	1.97843920	2.26521475	3.98342993	1.92633122	5.00498828	4.05285953	1.28328686	3.97692049	1.33569193	3.39018787	1.76809396	1.89281215	0.00000000	1.92515580	4.41519855	1.52839659	0.98154064	1.26911079	3.42355792	5.22444544	3.85777533	0.48210132	5.38732189	3.52560123	1.86100495	4.25872280	1.52240608	0.88913902	0.64286842	4.10732044
0.32343363	0.94086965	1.43124928	2.13786398	3.40284372	2.29681587	1.61092018	2.94158819	1.48772432	1.38091370	2.33035754	2.55941927	0.71933248	2.16895911	0.45417370	0.38174551	2.55976823	1.77660322	1.91225422	1.10361695	0.80882259	0.49384462	2.08755464	0.44611377	3.33222143	2.12855545	0.65829343	2.20244016	0.82128134	1.47294385	0.17006221	3.11479801	1.92515580	0.00000000	2.78265050	2.49639216	2.47980342	1.97276899	1.49840246	3.38049897	2.12138403	1.84734642	3.57447526	1.83218583	2.48444598	2.33386526	0.72909420	1.43600094	2.21650991	2.18218493
2.45953891	3.23028898	1.35411219	0.69697659	1.43810388	4.78800259	4.16372461	0.96914997	1.30115017	4.01663279	1.94479371	5.30441332	2.20252083	4.34825349	3.16487937	2.43302344	0.59529670	1.01483926	4.69120538	3.67861167	3.43859732	2.85093086	1.33915981	3.12769880	0.59491782	1.92559786	3.36450772	0.72842821	3.59980653	2.13527159	2.94324255	4.64148857	4.41519855	2.78265050	0.00000000	4.07560609	5.18295195	3.69740765	1.93182608	1.24229714	3.08073677	4.50877962	1.22329768	3.10591203	5.25853132	1.79899308	3.50907567	3.59303417	4.87853377	1.82649554
2.59020070	3.33750224	3.05511251	3.41758964	5.25578317	1.64501468	1.64327391	3.57274676	3.21044806	1.84408198	4.59773514	2.73331766	2.34127934	0.92474582	2.19205868	2.72306355	4.21168717	3.24746215	2.97323465	3.20710473	2.97895461	2.97818935	4.13098848	2.75421953	4.65875722	4.40771240	2.11491878	3.87927331	2.38229808	3.84457847	2.41396446	0.63262266	1.52839659	2.49639216	4.07560609	0.00000000	2.45375291	0.52371170	3.79450834	5.14296175	4.61664305	1.99860859	5.23163976	4.32736936	3.38456679	4.55224130	2.53363614	1.13099982	2.14229422	4.42367762
2.78985219	2.64917265	3.84174573	4.49819408	5.87848628	0.81745911	1.08489015	5.10940037	3.92952578	1.17042668	4.70839276	0.29025838	2.98054791	1.52932630	2.04488496	2.86133454	5.02697190	4.17031560	1.08784179	2.18813768	2.19599907	2.66666305	4.55766184	2.30531450	5.75880632	4.51063439	1.83769081	4.66529258	1.69181824	3.83311089	2.30974231	2.70012148	0.98154064	2.47980342	5.18295195	2.45375291	0.00000000	2.24751994	3.91321779	5.86025335	4.05592445	0.68241731	6.05230516	3.71435327	1.13882182	4.74063125	1.84847358	1.83552028	0.34401152	4.58425760
2.07013239	2.82196690	2.59776594	3.01980543	4.81429054	1.49575162	1.28964793	3.28927075	2.74802802	1.43928820	4.09732267	2.50696551	1.84278272	0.80198912	1.67717711	2.20268869	3.78399556	2.81653256	2.59854871	2.71418058	2.47569490	2.45547749	3.65221407	2.23827696	4.28864934	3.90500520	1.61276379	3.44115108	1.89916865	3.33016120	1.89223089	1.14932615	1.26911079	1.97276899	3.69740765	0.52371170	2.24751994	0.00000000	3.28640366	4.71345332	4.09293625	1.69247348	4.81892013	3.80405647	3.05886260	4.05715236	2.04053668	0.64461472	1.91178248	3.92517888
1.26348129	1.45274800	1.09560516	1.57992637	2.01863478	3.79455407	3.10845786	2.56394955	0.96749934	2.87063025	0.83508464	3.94753505	1.46019639	3.63175074	1.95050258	1.14522041	1.45673693	1.27483145	3.14348924	1.96198391	1.80126062	1.25250822	0.72847638	1.61071824	2.32039746	0.63421962	2.14904999	1.20382235	2.22249889	0.20471513	1.65769619	4.42712082	3.42355792	1.49840246	1.93182608	3.79450834	3.91321779	3.28640366	0.00000000	2.05209925	1.24343477	3.31912679	2.29471265	1.19240983	3.66141744	0.83673614	2.06635238	2.86064906	3.68012737	0.68390623
3.07461224	3.50469569	2.13610524	1.75559024	0.23130098	5.60432126	4.93634671	2.18543661	2.00388179	4.73984872	1.53997932	5.92958509	2.99247319	5.27386675	3.82157226	2.99891881	0.93128719	1.89772014	5.17630568	4.01341112	3.83970179	3.26600133	1.33324937	3.60751725	0.94496716	1.65369976	4.02963601	1.27485328	4.18234567	2.20648308	3.55055001	5.73973759	5.22444544	3.38049897	1.24229714	5.14296175	5.86025335	4.71345332	2.05209925	0.00000000	2.81451178	5.22041690	0.28532473	2.97424891	5.70675149	1.41511520	4.04862507	4.48885271	5.59203690	1.54026574
2.05651736	1.43630970	2.32113648	2.81497363	2.68813695	4.18628669	3.53458783	3.79532356	2.20490022	3.25865473	1.27703795	3.99987716	2.44276888	4.23229727	2.48039920	1.92482488	2.53025554	2.51826259	3.06684303	1.86799929	1.89723759	1.65357783	1.74718600	1.94702709	3.35995019	1.20100866	2.62437481	2.36574756	2.52341792	1.05643605	2.21921582	5.23617485	3.85777533	2.12138403	3.08073677	4.61664305	4.05592445	4.09293625	1.24343477	2.81451178	0.00000000	3.60346632	3.09573239	0.34163390	3.45623777	1.41134919	2.33686561	3.54592133	3.91344976	1.31480140
2.14597774	2.16822798	3.17373871	3.82137968	5.24904958	0.63123709	0.42724829	4.42771158	3.26739116	0.49214985	4.13369929	0.87035474	2.30668490	1.11081209	1.39945700	2.22798098	4.37054198	3.49822963	1.02154164	1.77559731	1.70650354	2.09665979	3.93484169	1.73814650	5.08785126	3.93323299	1.19162085	4.00751307	1.11417138	3.25794973	1.67870523	2.37442968	0.48210132	1.84734642	4.50877962	1.99860859	0.68241731	1.69247348	3.31912679	5.22041690	3.60346632	0.00000000	5.40387426	3.26434125	1.38596740	4.15416162	1.29174484	1.19508676	0.37270957	3.99913573
3.26250201	3.74633380	2.27552282	1.81714984	0.47829417	5.76677589	5.10623226	2.11384705	2.15523417	4.91914554	1.81967130	6.13130513	3.14549294	5.40802287	4.00858391	3.19438034	1.05021661	2.00794333	5.39827684	4.25077614	4.06742474	3.48750608	1.56826468	3.82238356	0.80178352	1.92654547	4.21645021	1.41177394	4.38463335	2.45733855	3.74434688	5.81721061	5.38732189	3.57447526	1.22329768	5.23163976	6.05230516	4.81892013	2.29471265	0.28532473	3.09573239	5.40387426	0.00000000	3.24923001	5.93560228	1.69181213	4.25717862	4.62805093	5.77633189	1.81224123
1.80098099	1.09939217	2.20935637	2.76719686	2.86877745	3.85051415	3.20320994	3.75156843	2.11134416	2.92603246	1.44120902	3.65972337	2.21848886	3.91318088	2.16914959	1.67279753	2.58670445	2.44399437	2.72934340	1.52654627	1.55896108	1.35099841	1.80400940	1.62559465	3.43824398	1.32330886	2.30469041	2.37908845	2.19013540	0.98907844	1.91784558	4.94170672	3.52560123	1.83218583	3.10591203	4.32736936	3.71435327	3.80405647	1.19240983	2.97424891	0.34163390	3.26434125	3.24923001	0.00000000	3.12908819	1.55934624	2.00341653	3.24185253	3.57249557	1.43819033
2.80439280	2.22601412	3.91338471	4.62229124	5.67997262	1.86626380	1.76925034	5.39303583	3.95764794	1.65792257	4.36153291	0.88641261	3.15083025	2.48694709	2.16640872	2.82556497	4.97921453	4.25952228	0.57681928	1.70829321	1.86817835	2.45195548	4.37353724	2.13762723	5.79124325	4.17952588	2.00227686	4.63706959	1.69471324	3.52967215	2.33324015	3.73546389	1.86100495	2.48444598	5.25853132	3.38456679	1.13882182	3.05886260	3.66141744	5.70675149	3.45623777	1.38596740	5.93560228	3.12908819	0.00000000	4.42708333	1.75552108	2.49605711	1.31866875	4.27279659
2.08684782	2.20113513	1.60143685	1.76342545	1.31538211	4.63057406	3.94454364	2.65918805	1.43888268	3.70735585	0.14771428	4.76478366	2.21436964	4.44945829	2.78668431	1.97417009	1.20815870	1.60589595	3.93175847	2.71891192	2.59436564	2.07420644	0.54006269	2.43533400	1.97924043	0.25104570	2.98573431	1.17208923	3.05294653	0.91140817	2.49416367	5.18253739	4.25872280	2.33386526	1.79899308	4.55224130	4.74063125	4.05715236	0.83673614	1.41511520	1.41134919	4.15416162	1.69181213	1.55934624	4.42708333	0.00000000	2.89216059	3.67048717	4.51359893	0.15672662
1.05039265	0.90668862	2.15965933	2.86691634	4.05149368	1.85107286	1.20098618	3.65395477	2.21066683	0.92272960	2.86120963	1.88581148	1.41102660	1.95133215	0.48512560	1.08205817	3.26285142	2.50535902	1.18329867	0.67395318	0.46763121	0.81835685	2.72817554	0.45684988	4.05258409	2.66281074	0.43868079	2.91098732	0.18672891	1.98523767	0.57989618	3.09650333	1.52240608	0.72909420	3.50907567	2.53363614	1.84847358	2.04053668	2.06635238	4.04862507	2.33686561	1.29174484	4.25717862	2.00341653	1.75552108	2.89216059	0.00000000	1.40327886	1.63435573	2.73578519
1.60098482	2.21862105	2.35445633	2.89669514	4.56205657	1.22889505	0.76784851	3.35395910	2.48554118	0.84079865	3.69169495	2.05956988	1.50512138	0.78902177	1.07806913	1.72676856	3.57812651	2.62969687	2.00017589	2.07711728	1.84861296	1.89287224	3.32191368	1.63848412	4.18718236	3.49300579	0.98511981	3.21932610	1.25650219	2.87348446	1.32671639	1.71261522	0.88913902	1.43600094	3.59303417	1.13099982	1.83552028	0.64461472	2.86064906	4.48885271	3.54592133	1.19508676	4.62805093	3.24185253	2.49605711	3.67048717	1.40327886	0.00000000	1.49188723	3.52832483
2.51743267	2.48533241	3.54560231	4.18981166	5.61912885	0.54821553	0.74704377	4.77980782	3.63995509	0.86312805	4.48959867	0.59658233	2.67717453	1.21905008	1.77056106	2.59769884	4.74325149	3.86898934	1.10894186	2.05976670	2.02441474	2.44805198	4.30335413	2.08729483	5.45873322	4.28981031	1.56254578	4.38021500	1.46355339	3.61317907	2.04733015	2.43165774	0.64286842	2.21650991	4.87853377	2.14229422	0.34401152	1.91178248	3.68012737	5.59203690	3.91344976	0.37270957	5.77633189	3.57249557	1.31866875	4.51359893	1.63435573	1.49188723	0.00000000	4.35807679
1.93982531	2.04678438	1.50812467	1.72982797	1.45309270	4.47846028	3.79236346	2.65270947	1.34789458	3.55380069	0.18067659	4.60805917	2.08317216	4.30518391	2.63440735	1.82530581	1.24624703	1.54254241	3.77589147	2.56451640	2.43800878	1.91773283	0.51065826	2.27894372	2.05025488	0.11527200	2.83267721	1.16338522	2.89699766	0.75470906	2.34154918	5.05488297	4.10732044	2.18218493	1.82649554	4.42367762	4.58425760	3.92517888	0.68390623	1.54026574	1.31480140	3.99913573	1.81224123	1.43819033	4.27279659	0.15672662	2.73578519	3.52832483	4.35807679	0.00000000

EDGE_KM_T
0.00000000	1.17090433	1.56882335	2.56523860	3.79873434	2.84128478	2.14232067	3.55009681	1.63283960	2.03473271	2.36848903	3.91334293	0.52604351	2.73454220	0.95643450	0.18573150	3.03505424	2.05760905	3.15864079	1.67851691	1.36972745	0.64662976	2.07529908	0.94780057	4.21385628	2.16232824	1.22275092	2.57065495	1.59849640	1.61108982	0.67581545	4.38354685	2.38468361	0.45494759	3.47298784	3.54839570	3.67082430	2.81555024	1.44910147	3.91280254	2.90754371	2.70892620	4.27878483	2.53510317	3.96338011	2.22521316	1.48539999	1.96363261	3.19865890	2.11629063
1.17091610	0.00000000	2.55901477	3.55548321	4.78921506	3.42207446	2.74902235	4.54034147	2.62304968	2.36641028	2.77693066	2.92358047	1.69696504	3.90576231	1.61961008	1.02212903	4.02540131	3.04783011	2.16875630	0.68847634	0.53156966	0.52427898	3.06562005	0.82439896	5.20425927	2.57951521	1.74476962	3.56095732	1.42133945	1.79566730	1.31344666	5.55482860	3.13897798	1.21825852	4.46331661	4.71960215	2.68106761	3.98670195	2.03562263	4.90327072	1.73682104	2.53920501	5.26926577	1.36433621	2.97353935	2.92895437	1.18270796	3.13474999	2.73404353	2.73590481
1.56874918	2.55885941	0.00000000	0.99637639	2.22969971	4.40979176	3.71089290	1.98123456	0.22259785	3.60332826	2.37759510	5.48185298	1.12608746	3.50258061	2.52511685	1.53673455	1.46611721	0.48876405	4.72723997	3.24723009	2.93844189	2.10240989	1.48291571	2.51652115	2.64487841	2.17145349	2.79141465	1.00175056	3.16715765	1.62027856	2.24452571	4.37397611	3.95322577	2.02367288	1.90406418	3.53887996	5.23933012	2.80607447	1.45828651	2.34377706	2.91670611	4.27748147	2.70975003	2.54429792	5.53194734	2.23431881	3.05407796	2.69585215	4.76718161	2.12541063
2.56504133	3.55515797	0.99634743	0.00000000	2.39193720	5.40590342	4.70705319	0.98485815	0.93235498	4.59950592	2.55702384	6.47796692	2.12237665	4.49870728	3.52135920	2.53303442	1.10339445	0.50759952	5.72342034	4.24349541	3.93470816	3.09870605	1.66236594	3.51279199	1.64841581	2.35089654	3.78764313	0.88146321	4.16338427	1.79976893	3.24078886	4.19420105	4.94936365	3.01994723	0.90764199	3.47502714	6.23544092	3.36746590	1.63777411	2.08537079	3.09617684	5.27362911	1.91540553	2.80993037	6.52810390	2.41374725	4.05031705	3.69203475	5.76330499	2.30484977
3.79844577	4.78855610	2.22969741	2.39206384	0.00000000	6.63948567	5.94058754	3.37611554	2.16569495	5.83302315	2.01207531	7.71154691	3.35578401	5.73227474	4.75481271	3.76643126	1.28861444	2.24616570	6.95693490	5.47692629	5.16813811	4.33210655	1.72331733	4.74621743	1.60862435	2.20944508	5.02111030	1.51056965	5.39685327	2.99314188	4.47422187	6.58654395	6.18292007	4.25336922	2.00761646	5.75144842	7.46902401	5.01864338	2.75319537	0.30657314	3.73565609	6.50717591	0.48005032	4.04325482	7.76164192	1.86005259	5.28377377	4.92554712	6.99687569	2.05306797
2.84137539	3.42182493	4.41022648	5.40665625	6.64021645	0.00000000	0.69898853	6.39151448	4.47424782	1.05557607	4.62801951	1.13638340	3.28403166	0.90723884	1.88491589	2.87340425	5.87649987	4.89902027	2.25569463	3.17251785	2.89029839	2.89754916	4.91673758	2.59746298	7.05531718	4.43062317	1.67714889	5.41208837	2.00058154	3.86205018	2.16554538	2.13272939	0.45661433	2.38641886	6.31442847	1.93094013	0.82953995	2.03858610	3.88679009	6.75428123	5.15851392	0.88282142	7.12026701	4.78606129	2.38886249	4.78004281	2.23919638	1.71407041	0.68801529	4.58700754
2.14238395	2.74883468	3.71123382	4.70766296	5.94122034	0.69898745	0.00000000	5.69252118	3.77525494	0.38258849	3.94648696	1.77104452	2.58504028	1.15669435	1.18592555	2.17441264	5.17750535	4.20002726	1.58270699	2.49952833	2.21730885	2.22455896	4.21774338	1.92447335	6.35632199	3.74031930	1.00416018	4.71309439	1.32759287	3.18905818	1.46655458	2.80571510	0.38992522	1.68742781	5.61543418	1.97054427	1.52852739	1.33959749	3.18779670	6.05528527	4.48552150	0.56661160	6.42127089	4.11306940	1.82106123	4.08104813	1.56620744	1.01508139	1.05635595	3.88801309
3.54975836	4.53988573	1.98115704	0.98485810	3.37577376	6.39031819	5.69154940	0.00000000	1.91718160	5.58403123	3.54097005	7.46238551	3.10708873	5.48314719	4.50599283	3.51776437	2.08735284	1.49243614	6.70795016	5.22816751	4.91938184	4.08342979	2.64634811	4.49747333	1.76726195	3.33486670	4.77225352	1.86546234	5.14799156	2.78381834	4.22545731	4.78052934	5.93382233	4.00463445	1.36837732	4.45947951	7.21985425	4.35196816	2.62181889	3.06921878	4.08019337	6.25810414	2.89924189	3.79478335	7.51259387	3.39769293	5.03494522	4.67656831	6.74773939	3.28881339
1.63276062	2.62286998	0.22259922	0.93237631	2.16571696	4.47382754	3.77492213	1.91723449	0.00000000	3.66735514	2.15500829	5.54588845	1.19009929	3.56661436	2.58913500	1.60074494	1.40212465	0.42476224	4.79126648	3.31124514	3.00245683	2.16642079	1.26032600	2.58053546	2.58088995	1.94886475	2.85543468	0.93775472	3.23117792	1.39768344	2.30854106	4.59660962	4.01725802	2.08768672	1.84007028	3.76150794	5.30336602	3.02869844	1.23569176	2.27979339	2.69411364	4.34151239	2.64576730	2.32170219	5.59597707	2.01173204	3.11809656	2.75987837	4.83121581	1.90282242
2.03481442	2.36627446	3.60367722	4.60011312	5.83370056	1.05559004	0.38259255	5.58497136	3.66770071	0.00000000	3.82148974	1.87865571	2.47747006	1.53929475	1.07834438	2.06684491	5.06996856	4.09247443	1.20011914	2.11696034	1.83474108	1.84199818	4.11020326	1.54190664	6.24879232	3.62409037	0.81201806	4.60555190	0.94501583	2.84029562	1.35897827	3.18832335	0.77252301	1.57985412	5.50789505	2.35314294	1.63613932	1.62027621	3.08024785	5.94776389	4.10298439	0.67421492	6.31375114	3.73052666	1.92866246	3.97351310	1.18363332	0.90748624	1.16396494	3.78047557
2.36856190	2.77674156	2.37776405	2.55720266	2.01219652	4.62801713	3.94649110	3.54125430	2.15514755	3.82143242	0.00000000	5.70007416	2.89460687	5.10318593	2.81718901	2.18282658	1.45365002	2.41132825	4.94533917	3.46517327	3.15638335	2.32029646	0.89471883	2.73445420	2.42729752	0.20616788	3.00942550	1.67565027	3.38517191	0.98118064	2.51105352	6.75220717	4.33641664	2.41588041	2.17267049	5.91703575	5.45755707	5.18417556	0.91941669	2.12626134	1.72365850	4.49564076	2.49224707	2.03130186	5.75009026	0.15202330	3.27206933	4.33224869	4.98538546	0.25220355
3.91376696	2.92368057	5.48272183	6.47920596	7.71300744	1.13638768	1.77113255	7.46406424	5.54676225	1.87876185	5.70068757	0.00000000	4.35641768	1.97931975	2.95721397	3.94581031	6.94915428	5.97154591	1.11943594	2.23518622	2.54397792	3.38012114	5.98936532	2.96591569	8.12802874	5.50326438	2.69086454	6.48469710	2.31511464	4.71939082	3.23788250	3.26915187	1.52871628	3.45877701	7.38706418	3.00303501	0.33119229	3.11073690	4.95934765	7.82705940	4.02266275	1.20449693	8.19305822	3.66926118	1.25255911	5.85271145	2.42824072	2.78625631	0.71470649	5.65965609
0.52604107	1.69694012	1.12611763	2.12250902	3.35589892	3.28379631	2.58487225	3.10736721	1.19012551	2.47729860	2.89440880	4.35585634	0.00000000	2.37657737	1.39905367	0.71176621	2.59227873	1.61489004	3.60120891	2.12115500	1.81236632	1.17266754	1.99971829	1.39044320	3.77105571	2.68825978	1.66535866	2.12789948	2.04110262	2.13706034	1.11845175	3.85734185	2.82721673	0.89759312	3.03022055	3.02222446	4.11333512	2.28940353	1.97506972	3.46997274	3.43349806	3.15146736	3.83594931	3.06107738	4.40592862	2.75113267	1.92801647	1.56981994	3.64118009	2.64221895
2.73442957	3.90532954	3.50272657	4.49912210	5.73253032	0.90722108	1.15665533	5.48398029	3.56673590	1.53922366	5.10281833	1.97928079	2.37660062	0.00000000	2.28586099	2.92015582	4.96889977	3.99150128	2.73933903	3.65606177	3.37384119	3.38105661	4.20812475	3.08100038	6.14768108	4.89666727	2.16073638	4.50451704	2.48417123	4.34546108	2.59197204	1.64898182	0.76675612	2.68713199	5.40684016	1.02369250	1.73676002	1.13130323	4.18347085	5.84660317	5.64190160	1.36650450	6.21258073	5.26947748	2.87253504	4.95954225	2.72277133	0.80676544	1.26460318	4.85062700
0.95645600	1.61953108	2.52530322	3.52173096	4.75528219	1.88490671	1.18592160	4.50658919	2.58932385	1.07832614	2.81717660	2.95696388	1.39911248	2.28598967	0.00000000	0.98848432	3.99157068	3.01409588	2.20223306	1.37022633	1.08800681	1.09525548	3.03180939	0.79517108	5.17038587	2.61100963	0.26632241	3.52716088	0.64206870	2.05975078	0.30613419	3.93500881	1.51922108	0.50150072	4.42949998	3.09983996	2.71444661	2.36698163	2.00186451	4.86934744	3.35621315	1.75253259	5.23533273	2.98376221	3.00698265	2.89511309	0.52896690	1.51505593	2.24227578	2.70207857
0.18573251	1.02212679	1.53680458	2.53322361	3.76673615	2.87333436	2.17436390	3.51808182	1.60082215	2.06677367	2.18277577	3.94539222	0.71177640	2.92029634	0.98846700	0.00000000	3.00304654	2.02559239	3.19068140	1.71054641	1.40175683	0.56568082	2.04328952	0.97982935	4.18185256	1.97661311	1.25478523	2.53864407	1.63053096	1.42536850	0.70784524	4.56930537	2.41672977	0.48697592	3.44097884	3.73414886	3.70287399	3.00129951	1.26338052	3.88080346	2.72182496	2.74097108	4.24678666	2.34938127	3.99542382	2.03949994	1.51743292	2.14937944	3.23070696	1.93057601
3.03480183	4.02491502	1.46607815	1.10342450	1.28858196	5.87576117	5.17688475	2.08747622	1.40208022	5.06932812	1.45363331	6.94782344	2.59213875	4.96855695	3.99114654	3.00279076	0.00000000	0.97732154	6.19324107	4.71327037	4.40448261	3.56846440	0.95972955	3.98256398	1.17874717	1.44586050	4.25743794	0.46435543	4.63318008	2.22953617	3.71056499	5.29777819	5.41920728	3.48971733	0.71899757	4.46270095	6.70529914	3.83729551	1.98959090	0.98201187	2.97205915	5.74346748	1.24359923	3.27964712	6.99793747	1.31035688	4.52010615	4.16185428	6.23315643	1.28948513
