NAME: multi_modal_data
TYPE: MM

VEHICLES: 2
DIMENSION: 50

NUM_T: 2
NUM_D: 1

MAXIMUM_SYSTEM_DURATION: 300
UNIT: MIN

SERVICETIME: 5
UNIT: MIN

TAKEOFF_LANDING_TIME: 2
UNIT: MIN

MAX_WAITING_TIME: 99999999
UNIT: MIN

INIT_SOC: 100
MAX_SOC: 100
MIN_SOC_T: 3
MIN_SOC_D: 3
UNIT: %

DEMAND_T: 26
DEMAND_D: 0
UNIT: EA

MASS_T: 1940
MASS_D: 15
UNIT: KG

LIFT_TO_DRAG: 3
POWER_MOTOR_PROP: 0.5
UNIT: RATIO

POWER_ELEC: 0.1
UNIT: KW

CARGO_LIMIT_TRUCK: 99999999999999
UNIT: KG

CARGO_LIMIT_DRONE: 6
UNIT: KG

BATTERY_KWH_T: 100
BATTERY_KWH_D: 0.3
UNIT: KWH 

ENERGY_KWH/KM_T: 1.0
ENERGY_KWH/KM_D: 0.1
UNIT: KWH/KM

CHARGING_KW_D: 0.5
CHARGING_KW_T: 80
UNIT: KW 

LOSISTIC_KWH/KG_T: 0.001
LOSISTIC_KWH/KG_D: 0.001
UNIT: KWH/KG

SPEED_T: 0.3
SPEED_D: 1.0
UNIT: KM/MIN

ALTITUDE: 100
UNIT: M

CURVY_AIR: 1.0
UNIT: RATIO

CURVY_ROAD: 1.2
UNIT: RATIO

DEPOT_SECTION
0

EDGE_KM_D_TYPE: EUC_2D(haversine)
EDGE_KM_T_TYPE: MAN_2D(haversine)
EDGE_KM_D_FORMAT : FULL_MATRIX
EDGE_KM_T_FORMAT : FULL_MATRIX

NODE_COORD_SECTION
0	37.49433713	126.85759943
1	37.48249945	126.89718832
2	37.49813087	126.84090177
3	37.50071131	126.82503325
4	37.50993037	126.88396998
5	37.50793050	126.88228623
6	37.50753763	126.85263396
7	37.49942181	126.88522580
8	37.49453220	126.87292935
9	37.47766378	126.83277401
10	37.49615567	126.84310577
11	37.50399885	126.85435342
12	37.51085303	126.88315071
13	37.49052714	126.85210277
14	37.49968595	126.88004175
15	37.49706723	126.86553476
16	37.49542072	126.85689519
17	37.50563496	126.82883845
18	37.50513576	126.82500950
19	37.49442305	126.86710539
20	37.48066549	126.88928605
21	37.50349592	126.89267849
22	37.48227948	126.82096972
23	37.48399768	126.82886873
24	37.49921081	126.85912681
25	37.48618482	126.82204754
26	37.48503766	126.83934664
27	37.50856481	126.82794212
28	37.50136946	126.88862679
29	37.48534290	126.89955828
30	37.50150163	126.87126705
31	37.49225820	126.86457625
32	37.49172314	126.82768853
33	37.48470412	126.89876647
34	37.48674590	126.84358605
35	37.49205213	126.89191558
36	37.48979147	126.82398895
37	37.49062380	126.85938537
38	37.47757855	126.84238865
39	37.49921267	126.84680502
40	37.49233256	126.87151565
41	37.49510650	126.83959473
42	37.50288970	126.83140385
43	37.49549516	126.84792433
44	37.49685261	126.86726184
45	37.48900616	126.88020985
46	37.48193449	126.84513499
47	37.49383240	126.81788655
48	37.48358697	126.90166275
49	37.49188189	126.85187787

EDGE_KM_D
0.00000000	3.73274117	1.53230279	2.95912288	2.90135916	2.65091143	1.53179663	2.50193869	1.35263478	2.86972053	1.29455895	1.11184425	2.90742197	0.64393710	2.06727841	0.76305730	0.13556546	2.83118689	3.11567140	0.83870514	3.18235359	3.25788271	3.49894088	2.78343967	0.55843041	3.26505056	1.91383085	3.05737168	2.84672313	3.83470150	1.44516259	0.65750663	2.65485513	3.78679338	1.49704328	3.03818638	3.00809996	0.44194677	2.29646759	1.09579637	1.24782668	1.59073458	2.49896808	0.86322410	0.89715653	2.08105659	1.76391600	3.50407699	4.06732982	0.57388392
3.73274117	0.00000000	5.26146490	6.68035126	3.26550177	3.11848307	4.81682966	2.15746412	2.52416981	5.70932886	5.00747486	4.47177270	3.38728089	4.07695031	2.43735276	3.22854371	3.83442584	6.55592348	6.84733457	2.96695695	0.72649540	2.36836491	6.72540576	6.03060241	3.83793039	6.64273532	5.11152566	6.76172657	2.23007121	0.37907372	3.11362359	3.07523490	6.21730006	0.28193596	4.75311667	1.15962316	6.50932411	3.45563606	4.86641455	4.81805152	2.51523359	5.27131410	6.23101916	4.58047921	3.08526712	1.66364110	4.59351093	7.10944702	0.41291426	4.13172331
1.53230279	5.26146490	0.00000000	1.42898702	4.01932198	3.80982068	1.47145685	3.91283088	2.85371054	2.38615009	0.29333333	1.35420702	3.98630380	1.30053607	3.45718855	2.17633393	1.44277597	1.35229285	1.60378528	2.34819785	4.68991514	4.60633044	2.48984674	1.89653225	1.61226492	2.12873639	1.46235167	1.62880263	4.22554506	5.36687517	2.70483486	2.18832893	1.36621794	5.31906494	1.28791376	4.55105487	1.75678802	1.83192744	2.28907998	0.53448843	2.77672758	0.35551474	0.99097837	0.68536078	2.32982383	3.61331758	1.83927868	2.08594097	5.59943018	1.19185324
2.95912288	6.68035126	1.42898702	0.00000000	5.29895281	5.11379133	2.55029609	5.31193646	4.28088320	2.65221387	1.67287641	2.61216144	5.24911807	2.64302287	4.85401011	3.59587714	2.87173953	0.64219505	0.49198218	3.77688694	6.09137026	5.97531860	2.08064808	1.88902841	3.01225676	1.63661110	2.15224075	0.91018818	5.61042988	6.79343521	4.07949247	3.61293864	1.02652488	6.74427077	2.25623465	5.97848854	1.21772275	3.23153262	2.99353179	1.92785655	4.20523398	1.42780373	0.61196196	2.10107646	3.74996719	5.03884854	2.73946333	0.99125237	7.02376538	2.56370912
2.90135916	3.26550177	4.01932198	5.29895281	0.00000000	0.26741004	2.77682131	1.17373968	1.96982047	5.76834177	3.91668369	2.69441144	0.12549025	3.54372029	1.19066699	2.16573619	2.88225201	4.88642989	5.22804546	2.27740855	3.28773395	1.04975905	6.35174004	5.65199257	2.49464434	6.06739796	4.81236855	4.94432919	1.03678030	3.06038447	1.46081941	2.60545574	5.36183743	3.09389026	4.39754406	2.10792140	5.74570389	3.05160673	5.13797776	3.48827399	2.24412468	4.24740947	4.70245456	3.56189033	2.07049592	2.35019584	4.62913589	6.09816492	3.31916551	3.47021820
2.65091143	3.11848307	3.80982068	5.11379133	0.26741004	0.00000000	2.61592784	0.98101631	1.70320309	5.51436166	3.69597107	2.50243526	0.33379642	3.29165025	0.93789058	1.90860386	2.63665963	4.72147919	5.06188661	2.01229019	3.09399213	1.04091113	6.11541136	5.41207150	2.26136493	5.83852830	4.56401565	4.79406348	0.91928271	2.93770693	1.20658321	2.34046739	5.14257712	2.96377828	4.14792486	1.95932004	5.52426271	2.79013673	4.87656095	3.27657533	1.97761805	4.02696304	4.52322833	3.33172248	1.80940303	2.11225146	4.37016567	5.89339853	3.20146422	3.22188513
1.53179663	4.81682966	1.47145685	2.55029609	2.77682131	2.61592784	0.00000000	3.01332686	2.30146880	3.75560703	1.51930125	0.42171478	2.71689137	1.89206371	2.57052464	1.62807180	1.39879672	2.10961916	2.45133236	1.93811829	4.40279015	3.56082122	3.96129490	3.35369163	1.08873316	3.59423893	2.76288766	2.18099808	3.24822723	4.81954642	1.77540919	1.99912165	2.81691979	4.79690864	2.44585324	3.86954660	3.20619673	1.97278981	3.45175556	1.05891497	2.37341132	1.79827763	1.94273285	1.40203432	1.75406340	3.18813845	2.92280331	3.42321481	5.07956176	1.74211914
2.50193869	2.15746412	3.91283088	5.31193646	1.17373968	0.98101631	3.01332686	0.00000000	1.21342500	5.22210811	3.73351889	2.77055310	1.28420777	3.08504801	0.45826677	1.75674545	2.53861663	5.02190363	5.34980166	1.69247095	2.11615201	0.79840859	5.98104494	5.25968931	2.30251546	5.76499636	4.35229232	5.15438189	0.37002177	2.01240136	1.25292038	1.98827885	5.14774478	2.02618343	3.93478906	1.00987766	5.50762567	2.48076041	4.49269947	3.38947648	1.44373674	4.05408065	4.76357036	3.31957556	1.61031018	1.23983251	4.03638411	5.97315672	2.28107248	3.05915547
1.35263478	2.52416981	2.85371054	4.28088320	1.96982047	1.70320309	2.30146880	1.21342500	0.00000000	4.00890863	2.63729665	1.94768918	2.02644558	1.89064099	0.84977313	0.71066086	1.41802655	4.08079241	4.38870318	0.51395378	2.11193022	2.00719364	4.78260242	4.06010478	1.32414830	4.58417123	3.14544062	4.26428787	1.57978862	2.56202140	0.78871871	0.77912382	4.00358013	2.52800603	2.72983917	1.69760693	4.34988738	1.27150558	3.28866420	2.36273886	0.27455422	2.94157751	3.77935461	2.20861233	0.56264849	0.88891241	2.82420411	4.85671172	2.81214949	1.88050298
2.86972053	5.70932886	2.38615009	2.65221387	5.76834177	5.51436166	3.75560703	5.22210811	4.00890863	0.00000000	2.24922125	3.49284589	5.77689670	2.22588625	4.83622364	3.60698469	2.90313143	3.12957907	3.13061847	3.55650481	4.99787022	6.01537062	1.16120109	0.78408292	3.33866070	1.33924862	1.00431902	3.46238505	5.58856140	5.95450718	4.30815698	3.24153601	1.62645454	5.87550936	1.38926267	5.45810295	1.55545167	2.75502907	0.84848162	2.69703516	3.78756405	2.03076616	2.80760230	2.39128814	3.71646636	4.37147055	1.18963635	2.22661757	6.11431059	2.31102857
1.29455895	5.00747486	0.29333333	1.67287641	3.91668369	3.69597107	1.51930125	3.73351889	2.63729665	2.24922125	0.00000000	1.32103222	3.89220395	1.01082229	3.28203177	1.98130207	1.21927214	1.64167852	1.88295721	2.12605530	4.42362574	4.44868119	2.48901018	1.84539548	1.45362559	2.16357976	1.27998354	1.92178273	4.05742670	5.12375206	2.55447063	1.94315293	1.44671927	5.07325049	1.04717790	4.33030196	1.82903475	1.56244204	2.06665377	0.47122203	2.54222340	0.33099266	1.27528864	0.43140091	2.13248427	3.36868625	1.59142850	2.23985977	5.35211467	0.90817125
1.11184425	4.47177270	1.35420702	2.61216144	2.69441144	2.50243526	0.42171478	2.77055310	1.94768918	3.49284589	1.32103222	0.00000000	2.65203117	1.51108979	2.31628092	1.25180406	0.97984696	2.25805014	2.59155937	1.54896009	4.02867697	3.38121428	3.80884813	3.16250843	0.67879940	3.47085789	2.48961019	2.38441045	3.03748889	4.49538077	1.51763347	1.58671716	2.71971318	4.46721504	2.14074308	3.57006291	3.10991469	1.55207843	3.12170851	0.85243021	1.99377194	1.63488175	2.02820212	1.10261879	1.38857809	2.82535090	2.58473685	3.40988447	4.75104445	1.36493170
2.90742197	3.38728089	3.98630380	5.24911807	0.12549025	0.33379642	2.71689137	1.28420777	2.02644558	5.77689670	3.89220395	2.65203117	0.00000000	3.55105099	1.27164821	2.18278809	2.88251498	4.82574349	5.16774526	2.31108069	3.40006605	1.17284694	6.33935574	5.64353495	2.48329866	6.04820983	4.81387128	4.87634471	1.15989598	3.18456522	1.47651021	2.63818754	5.33502696	3.21747427	4.40090811	2.22896901	5.72041642	3.07490007	5.15967388	3.45750788	2.30098646	4.22237636	4.64962643	3.54576418	2.09476169	2.44307811	4.64628967	6.06033206	3.44372779	3.47284493
0.64393710	4.07695031	1.30053607	2.64302287	3.54372029	3.29165025	1.89206371	3.08504801	1.89064099	2.22588625	1.01082229	1.51108979	3.55105099	0.00000000	2.66695911	1.39037654	0.68910198	2.65222633	2.88990393	1.39270784	3.45923369	3.85916586	2.89601187	2.17476154	1.14732463	2.69539574	1.28036063	2.92671647	3.44037241	4.22655420	2.08509859	1.11720590	2.15810897	4.16781581	0.86106653	3.51666601	2.48179190	0.64261958	1.67563698	1.07293745	1.72446739	1.21534424	2.28565918	0.66412783	1.51107774	2.48562198	1.13616496	3.04105872	4.44036344	0.15194277
2.06727841	2.43735276	3.45718855	4.85401011	1.19066699	0.93789058	2.57052464	0.45826677	0.84977313	4.83622364	3.28203177	2.31628092	1.27164821	2.66695911	0.00000000	1.31249980	2.09634000	4.56502221	4.89229828	1.28254557	2.26679692	1.19253939	5.55957930	4.84011986	1.84582289	5.33225511	3.94256004	4.70066808	0.78013415	2.34700658	0.79996745	1.59490699	4.70281308	2.34614207	3.52348635	1.34827907	5.06606907	2.08240085	4.13274551	2.93253773	1.11101478	3.60438949	4.30537827	2.87145761	1.17062355	1.18763243	3.65800848	5.52187727	2.61597287	2.63184882
0.76305730	3.22854371	2.17633393	3.59587714	2.16573619	1.90860386	1.62807180	1.75674545	0.71066086	3.60698469	1.98130207	1.25180406	2.18278809	1.39037654	1.31249980	0.00000000	0.78387492	3.37445524	3.68582352	0.32503448	2.77807012	2.49895277	4.26191648	3.54641600	0.61350009	4.02304022	2.66977939	3.55409268	2.09254819	3.27268092	0.70629589	0.54138558	3.39139741	3.23824521	2.25100919	2.39328181	3.75359161	0.89870648	2.97771288	1.66945499	0.74538017	2.29883312	3.07974748	1.56341942	0.15422180	1.57471528	2.46392415	4.21899818	3.52236725	1.33571447
0.13556546	3.83442584	1.44277597	2.87173953	2.88225201	2.63665963	1.39879672	2.53861663	1.41802655	2.90313143	1.21927214	0.97984696	2.88251498	0.68910198	2.09634000	0.78387492	0.00000000	2.72321927	3.01315306	0.90757968	3.29536214	3.28193969	3.49031385	2.77990500	0.46515621	3.24152100	1.93136100	2.94270284	2.87641622	3.92735958	1.43690284	0.76346582	2.60934219	3.88168372	1.51962851	3.11227456	2.96988944	0.57686744	2.36101481	0.98496898	1.33480442	1.52669159	2.39725498	0.79147399	0.92831754	2.17711961	1.82357776	3.44600118	4.16323254	0.59226916
2.83118689	6.55592348	1.35229285	0.64219505	4.88642989	4.72147919	2.10961916	5.02190363	4.08079241	3.12957907	1.64167852	2.25805014	4.82574349	2.65222633	4.56502221	3.37445524	2.72321927	0.00000000	0.34228437	3.59864751	6.01246060	5.63645240	2.68819863	2.40596056	2.76570342	2.24420551	2.47082937	0.33524099	5.29538481	6.63454576	3.77085870	3.48599048	1.55024833	6.59365784	2.47068849	5.76588887	1.81292121	3.16988985	3.34095041	1.73836237	4.04505075	1.50696603	0.37999274	2.02633843	3.52741207	4.89468235	3.00205514	1.62966153	6.87666981	2.54356926
3.11567140	6.84733457	1.60378528	0.49198218	5.22804546	5.06188661	2.45133236	5.34980166	4.38870318	3.13061847	1.88295721	2.59155937	5.16774526	2.88990393	4.89229828	3.68582352	3.01315306	0.34228437	0.00000000	3.89995649	6.28982683	5.97199315	2.56637431	2.37498221	3.08090456	2.12339161	2.56792776	0.46076117	5.62748618	6.93536377	4.10048022	3.77281475	1.51002714	6.89226726	2.62055527	6.07901642	1.70858401	3.43521295	3.42644643	2.03235655	4.34268952	1.70269849	0.61687836	2.28811980	3.83943621	5.18957663	3.13182713	1.40520110	7.17457583	2.79110677
0.83870514	2.96695695	2.34819785	3.77688694	2.27740855	2.01229019	1.93811829	1.69247095	0.51395378	3.55650481	2.12605530	1.54896009	2.31108069	1.39270784	1.28254557	0.32503448	0.90757968	3.59864751	3.89995649	0.00000000	2.48398882	2.47131331	4.28870455	3.56722729	0.88253384	4.07956196	2.66220928	3.79583422	2.04971180	3.03608685	0.86851665	0.32823043	3.49049442	2.99519407	2.24380053	2.20469751	3.83870849	0.80148321	2.87477179	1.86842600	0.45324256	2.42826743	3.28723645	1.69640366	0.27050730	1.30365627	2.38454551	4.34277568	3.27844469	1.37284331
3.18235359	0.72649540	4.68991514	6.09137026	3.28773395	3.09399213	4.40279015	2.11615201	2.11193022	4.99787022	4.42362574	4.02867697	3.40006605	3.45923369	2.26679692	2.77807012	3.29536214	6.01246060	6.28982683	2.48398882	0.00000000	2.55621464	6.03082689	5.34395558	3.36644182	5.96455323	4.43325313	6.23806409	2.30291365	1.04501382	2.80985538	2.53278703	5.57229895	0.94944613	4.08868463	1.28722035	5.85013468	2.86121213	4.15251486	4.27799139	2.03505724	4.66913695	5.67326113	4.00464632	2.64873085	1.22535216	3.89840279	6.46761891	1.13938823	3.52842385
3.25788271	2.36836491	4.60633044	5.97531860	1.04975905	1.04091113	3.56082122	0.79840859	2.00719364	6.01537062	4.44868119	3.38121428	1.17284694	3.85916586	1.19253939	2.49895277	3.28193969	5.63645240	5.97199315	2.47131331	2.55621464	0.00000000	6.75208746	6.03264635	2.99788267	6.52181882	5.13331541	5.73813520	0.42855155	2.10780732	1.90176266	2.77627626	5.88095027	2.15748184	4.71456735	1.27427186	6.24852200	3.26732679	5.29075138	4.07467650	2.24197325	4.77494442	5.40565279	4.04709659	2.36072681	1.95088066	4.83139726	6.68496211	2.35139910	3.82408033
3.49894088	6.72540576	2.48984674	2.08064808	6.35174004	6.11541136	3.96129490	5.98104494	4.78260242	1.16120109	2.48901018	3.80884813	6.33935574	2.89601187	5.55957930	4.26191648	3.49031385	2.68819863	2.56637431	4.28870455	6.03082689	6.75208746	0.00000000	0.72269559	3.85719438	0.44454598	1.65026143	2.98682523	6.33535593	6.94271012	4.92549056	4.00429477	1.20586766	6.86980438	2.05643118	6.35332732	0.87674746	3.51422822	1.96097398	2.95650227	4.59773049	2.17594587	2.46973099	2.79559645	4.39403892	5.28023662	2.13264377	1.31311428	7.12160707	2.92867227
2.78343967	6.03060241	1.89653225	1.88902841	5.65199257	5.41207150	3.35369163	5.25968931	4.06010478	0.78408292	1.84539548	3.16250843	5.64353495	2.17476154	4.84011986	3.54641600	2.77990500	2.40596056	2.37498221	3.56722729	5.34395558	6.03264635	0.72269559	0.00000000	3.16041741	0.64914296	0.93172608	2.73296623	5.61491897	6.23909241	4.21669201	3.28167856	0.86532168	6.16796044	1.33404447	5.63433269	0.77486942	2.79153264	1.39021955	2.31656798	3.87523726	1.55608713	2.11257314	2.11213136	3.67660168	4.56408369	1.45350776	1.46108894	6.42322538	2.21133112
0.55843041	3.83793039	1.61226492	3.01225676	2.49464434	2.26136493	1.08873316	2.30251546	1.32414830	3.33866070	1.45362559	0.67879940	2.48329866	1.14732463	1.84582289	0.61350009	0.46515621	2.76570342	3.08090456	0.88253384	3.36644182	2.99788267	3.85719438	3.16041741	0.00000000	3.57765440	2.35142714	2.94094634	2.61343593	3.88615262	1.10084660	0.91038996	2.89583124	3.85134897	1.94961018	3.00022025	3.27214236	0.95510623	2.82257907	1.08700237	1.33399492	1.78253983	2.47957807	1.07117149	0.76407156	2.17882315	2.28348913	3.68708643	4.13544270	1.03591052
3.26505056	6.64273532	2.12873639	1.63661110	6.06739796	5.83852830	3.59423893	5.76499636	4.58417123	1.33924862	2.16357976	3.47085789	6.04820983	2.69539574	5.33225511	4.02304022	3.24152100	2.24420551	2.12339161	4.07956196	5.96455323	6.52181882	0.44454598	0.64914296	3.57765440	0.00000000	1.53168934	2.54229681	6.11176808	6.83970743	4.66441571	3.81258376	0.79180892	6.77123350	1.90143054	6.19887392	0.43609103	3.33111450	2.03404709	2.62096509	4.41776527	1.83873249	2.03265120	2.50681053	4.16175193	5.14133638	2.09124496	0.92623519	7.03077178	2.70709259
1.91383085	5.11152566	1.46235167	2.15224075	4.81236855	4.56401565	2.76288766	4.35229232	3.14544062	1.00431902	1.27998354	2.48961019	4.81387128	1.28036063	3.94256004	2.66977939	1.93136100	2.47082937	2.56792776	2.66220928	4.43325313	5.13331541	1.65026143	0.93172608	2.35142714	1.53168934	0.00000000	2.80290264	4.71176960	5.31285054	3.35892128	2.36638681	1.26911741	5.24303100	0.41952353	4.70330903	1.45449093	1.87398216	0.87177026	1.70803285	2.95191910	1.11981927	2.10511423	1.38740647	2.79138308	3.63235970	0.61637943	2.13104698	5.50085961	1.34224596
3.05737168	6.76172657	1.62880263	0.91018818	4.94432919	4.79406348	2.18099808	5.15438189	4.26428787	3.46238505	1.92178273	2.38441045	4.87634471	2.92671647	4.70066808	3.55409268	2.94270284	0.33524099	0.46076117	3.79583422	6.23806409	5.73813520	2.98682523	2.73296623	2.94094634	2.54229681	2.80290264	0.00000000	5.41252499	6.82531527	3.90160414	3.70565232	1.87284356	6.78817576	2.79122087	5.93470428	2.11643293	3.41672987	3.67370065	1.96217195	4.24657750	1.81553050	0.70104250	2.28456020	3.70497856	5.09813442	3.32703333	1.86292069	7.07197505	2.81066108
2.84672313	2.23007121	4.22554506	5.61042988	1.03678030	0.91928271	3.24822723	0.37002177	1.57978862	5.58856140	4.05742670	3.03748889	1.15989598	3.44037241	0.78013415	2.09254819	2.87641622	5.29538481	5.62748618	2.04971180	2.30291365	0.42855155	6.33535593	5.61491897	2.61343593	6.11176808	4.71176960	5.41252499	0.00000000	2.02630467	1.53146561	2.35122944	5.48199911	2.05773095	4.29350512	1.07589997	5.84601264	2.84300895	4.86221735	3.69716296	1.81342299	4.38126505	5.05072126	3.64965216	1.95054622	1.56246796	4.40385185	6.29671433	2.28747948	3.40935400
3.83470150	0.37907372	5.36687517	6.79343521	3.06038447	2.93770693	4.81954642	2.01240136	2.56202140	5.95450718	5.12375206	4.49538077	3.18456522	4.22655420	2.34700658	3.27268092	3.92735958	6.63454576	6.93536377	3.03608685	1.04501382	2.10780732	6.94271012	6.23909241	3.88615262	6.83970743	5.31285054	6.82531527	2.02630467	0.00000000	3.07544077	3.18081556	6.38067002	0.09963051	4.94108718	1.00561969	6.68593136	3.59281468	5.11793065	4.90308554	2.59340649	5.40074195	6.32149090	4.69336145	3.12365531	1.75507655	4.81704238	7.26740778	0.26944959	4.26923611
1.44516259	3.11362359	2.70483486	4.07949247	1.46081941	1.20658321	1.77540919	1.25292038	0.78871871	4.30815698	2.55447063	1.51763347	1.47651021	2.08509859	0.79996745	0.70629589	1.43690284	3.77085870	4.10048022	0.86851665	2.80985538	1.90176266	4.92549056	4.21669201	1.10084660	4.66441571	3.35892128	3.90160414	1.53146561	3.07544077	0.00000000	1.18525810	3.99534143	3.06183493	2.94212291	2.10294647	4.36949897	1.60056385	3.68350257	2.17291389	1.01979110	2.88316975	3.51989335	2.16486757	0.62616114	1.59780519	3.17009726	4.78580455	3.34059626	2.01744970
0.65750663	3.07523490	2.18832893	3.61293864	2.60545574	2.34046739	1.99912165	1.98827885	0.77912382	3.24153601	1.94315293	1.58671716	2.63818754	1.11720590	1.59490699	0.54138558	0.76346582	3.48599048	3.77281475	0.32823043	2.53278703	2.77627626	4.00429477	3.28167856	0.91038996	3.81258376	2.36638681	3.70565232	2.35122944	3.18081556	1.18525810	0.00000000	3.25501665	3.13138568	1.95074941	2.41215545	3.59140874	0.49271751	2.54893712	1.74815274	0.61229223	2.22662122	3.15621946	1.51255261	0.56314421	1.42593558	2.06402224	4.12292546	3.41128918	1.12111289
2.65485513	6.21730006	1.36621794	1.02652488	5.36183743	5.14257712	2.81691979	5.14774478	4.00358013	1.62645454	1.44671927	2.71971318	5.33502696	2.15810897	4.70281308	3.39139741	2.60934219	1.55024833	1.51002714	3.49049442	5.57229895	5.88095027	1.20586766	0.86532168	2.89583124	0.79180892	1.26911741	1.87284356	5.48199911	6.38067002	3.99534143	3.25501665	0.00000000	6.31965157	1.50787366	5.66665063	0.39073852	2.79920101	2.03865468	1.88091530	3.86730357	1.11576079	1.28419907	1.83390224	3.53758926	4.64370908	1.88528780	0.89602470	6.58926483	2.13421833
3.78679338	0.28193596	5.31906494	6.74427077	3.09389026	2.96377828	4.79690864	2.02618343	2.52800603	5.87550936	5.07325049	4.46721504	3.21747427	4.16781581	2.34614207	3.23824521	3.88168372	6.59365784	6.89226726	2.99519407	0.94944613	2.15748184	6.86980438	6.16796044	3.85134897	6.77123350	5.24303100	6.78817576	2.05773095	0.09963051	3.06183493	3.13138568	6.31965157	0.00000000	4.87407121	1.01634761	6.62197970	3.53645466	5.03743916	4.85995608	2.54959601	5.34726206	6.27762493	4.64344729	3.09045387	1.70574762	4.74227428	7.20783394	0.28414700	4.21330564
1.49704328	4.75311667	1.28791376	2.25623465	4.39754406	4.14792486	2.44585324	3.93478906	2.72983917	1.38926267	1.04717790	2.14074308	4.40090811	0.86106653	3.52348635	2.25100919	1.51962851	2.47068849	2.62055527	2.24380053	4.08868463	4.71456735	2.05643118	1.33404447	1.94961018	1.90143054	0.41952353	2.79122087	4.29350512	4.94108718	2.94212291	1.95074941	1.50787366	4.87407121	0.00000000	4.30471833	1.76192010	1.45914875	1.02482571	1.41503477	2.54130549	0.99411713	2.09225138	1.04545982	2.37196109	3.24112524	0.55218626	2.40044667	5.13639365	0.92809829
3.03818638	1.15962316	4.55105487	5.97848854	2.10792140	1.95932004	3.86954660	1.00987766	1.69760693	5.45810295	4.33030196	3.57006291	2.22896901	3.51666601	1.34827907	2.39328181	3.11227456	5.76588887	6.07901642	2.20469751	1.28722035	1.27427186	6.35332732	5.63433269	3.00022025	6.19887392	4.70330903	5.93470428	1.07589997	1.00561969	2.10294647	2.41215545	5.66665063	1.01634761	4.30471833	0.00000000	5.99828015	2.87444106	4.65693916	4.05861710	1.80007828	4.62846226	5.47267165	3.89993615	2.23958290	1.08689448	4.27813703	6.53423398	1.27500069	3.53243670
3.00809996	6.50932411	1.75678802	1.21772275	5.74570389	5.52426271	3.20619673	5.50762567	4.34988738	1.55545167	1.82903475	3.10991469	5.72041642	2.48179190	5.06606907	3.75359161	2.96988944	1.81292121	1.70858401	3.83870849	5.85013468	6.24852200	0.87674746	0.77486942	3.27214236	0.43609103	1.45449093	2.11643293	5.84601264	6.68593136	4.36949897	3.59140874	0.39073852	6.62197970	1.76192010	5.99828015	0.00000000	3.12434571	2.11660736	2.26919953	4.20267325	1.49831852	1.59661829	2.20489854	3.89764795	4.96111086	2.06020868	0.70126185	6.88800746	2.47153290
0.44194677	3.45563606	1.83192744	3.23153262	3.05160673	2.79013673	1.97278981	2.48076041	1.27150558	2.75502907	1.56244204	1.55207843	3.07490007	0.64261958	2.08240085	0.89870648	0.57686744	3.16988985	3.43521295	0.80148321	2.86121213	3.26732679	3.51422822	2.79153264	0.95510623	3.33111450	1.87398216	3.41672987	2.84300895	3.59281468	1.60056385	0.49271751	2.79920101	3.53645466	1.45914875	2.87444106	3.12434571	0.00000000	2.08645710	1.46421525	1.08695497	1.81579285	2.82028311	1.14709932	0.98111896	1.84610750	1.58571850	3.67862410	3.81140902	0.67697832
2.29646759	4.86641455	2.28907998	2.99353179	5.13797776	4.87656095	3.45175556	4.49269947	3.28866420	0.84848162	2.06665377	3.12170851	5.15967388	1.67563698	4.13274551	2.97771288	2.36101481	3.34095041	3.42644643	2.87477179	4.15251486	5.29075138	1.96097398	1.39021955	2.82257907	2.03404709	0.87177026	3.67370065	4.86221735	5.11793065	3.68350257	2.54893712	2.03865468	5.03743916	1.02482571	4.65693916	2.11660736	2.08645710	0.00000000	2.43696216	3.04900858	1.96455010	2.97667123	2.05123855	3.06749954	3.57095151	0.54160209	2.81786896	5.27284025	1.79738910
1.09579637	4.81805152	0.53448843	1.92785655	3.48827399	3.27657533	1.05891497	3.38947648	2.36273886	2.69703516	0.47122203	0.85243021	3.45750788	1.07293745	2.93253773	1.66945499	0.98496898	1.73836237	2.03235655	1.86842600	4.27799139	4.07467650	2.95650227	2.31656798	1.08700237	2.62096509	1.70803285	1.96217195	3.69716296	4.90308554	2.17291389	1.74815274	1.88091530	4.85995608	1.41503477	4.05861710	2.26919953	1.46421525	2.43696216	0.00000000	2.31036123	0.78299874	1.41881529	0.42499947	1.82366685	3.15807902	1.92689014	2.62042594	5.14236678	0.92992182
1.24782668	2.51523359	2.77672758	4.20523398	2.24412468	1.97761805	2.37341132	1.44373674	0.27455422	3.78756405	2.54222340	1.99377194	2.30098646	1.72446739	1.11101478	0.74538017	1.33480442	4.04505075	4.34268952	0.45324256	2.03505724	2.24197325	4.59773049	3.87523726	1.33399492	4.41776527	2.95191910	4.24657750	1.81342299	2.59340649	1.01979110	0.61229223	3.86730357	2.54959601	2.54130549	1.80007828	4.20267325	1.08695497	3.04900858	2.31036123	0.00000000	2.83304588	3.72828780	2.11082515	0.62725911	0.85159256	2.59897292	4.73437417	2.83210832	1.73329370
1.59073458	5.27131410	0.35551474	1.42780373	4.24740947	4.02696304	1.79827763	4.05408065	2.94157751	2.03076616	0.33099266	1.63488175	4.22237636	1.21534424	3.60438949	2.29883312	1.52669159	1.50696603	1.70269849	2.42826743	4.66913695	4.77494442	2.17594587	1.55608713	1.78253983	1.83873249	1.11981927	1.81553050	4.38126505	5.40074195	2.88316975	2.22662122	1.11576079	5.34726206	0.99411713	4.62846226	1.49831852	1.81579285	1.96455010	0.78299874	2.83304588	0.00000000	1.12744793	0.73612828	2.44855065	3.64696403	1.54407952	1.92040458	5.62404580	1.14145513
2.49896808	6.23101916	0.99097837	0.61196196	4.70245456	4.52322833	1.94273285	4.76357036	3.77935461	2.80760230	1.27528864	2.02820212	4.64962643	2.28565918	4.30537827	3.07974748	2.39725498	0.37999274	0.61687836	3.28723645	5.67326113	5.40565279	2.46973099	2.11257314	2.47957807	2.03265120	2.10511423	0.70104250	5.05072126	6.32149090	3.51989335	3.15621946	1.28419907	6.27762493	2.09225138	5.47267165	1.59661829	2.82028311	2.97667123	1.41881529	3.72828780	1.12744793	0.00000000	1.67334876	3.23373384	4.57414059	2.62622116	1.56087085	6.55968061	2.18188936
0.86322410	4.58047921	0.68536078	2.10107646	3.56189033	3.33172248	1.40203432	3.31957556	2.20861233	2.39128814	0.43140091	1.10261879	3.54576418	0.66412783	2.87145761	1.56341942	0.79147399	2.02633843	2.28811980	1.69640366	4.00464632	4.04709659	2.79559645	2.11213136	1.07117149	2.50681053	1.38740647	2.28456020	3.64965216	4.69336145	2.16486757	1.51255261	1.83390224	4.64344729	1.04545982	3.89993615	2.20489854	1.14709932	2.05123855	0.42499947	2.11082515	0.73612828	1.67334876	0.00000000	1.71264871	2.93839478	1.52783107	2.65647349	4.92273321	0.53205835
0.89715653	3.08526712	2.32982383	3.74996719	2.07049592	1.80940303	1.75406340	1.61031018	0.56264849	3.71646636	2.13248427	1.38857809	2.09476169	1.51107774	1.17062355	0.15422180	0.92831754	3.52741207	3.83943621	0.27050730	2.64873085	2.36072681	4.39403892	3.67660168	0.76407156	4.16175193	2.79138308	3.70497856	1.95054622	3.12365531	0.62616114	0.56314421	3.53758926	3.09045387	2.37196109	2.23958290	3.89764795	0.98111896	3.06749954	1.82366685	0.62725911	2.44855065	3.23373384	1.71264871	0.00000000	1.43742149	2.56182225	4.36893712	3.37460087	1.46545959
2.08105659	1.66364110	3.61331758	5.03884854	2.35019584	2.11225146	3.18813845	1.23983251	0.88891241	4.37147055	3.36868625	2.82535090	2.44307811	2.48562198	1.18763243	1.57471528	2.17711961	4.89468235	5.18957663	1.30365627	1.22535216	1.95088066	5.28023662	4.56408369	2.17882315	5.14133638	3.63235970	5.09813442	1.56246796	1.75507655	1.59780519	1.42593558	4.64370908	1.70574762	3.24112524	1.08689448	4.96111086	1.84610750	3.57095151	3.15807902	0.85159256	3.64696403	4.57414059	2.93839478	1.43742149	0.00000000	3.19313510	5.52473159	1.98645910	2.52005177
1.76391600	4.59351093	1.83927868	2.73946333	4.62913589	4.37016567	2.92280331	4.03638411	2.82420411	1.18963635	1.59142850	2.58473685	4.64628967	1.13616496	3.65800848	2.46392415	1.82357776	3.00205514	3.13182713	2.38454551	3.89840279	4.83139726	2.13264377	1.45350776	2.28348913	2.09124496	0.61637943	3.32703333	4.40385185	4.81704238	3.17009726	2.06402224	1.88528780	4.74227428	0.55218626	4.27813703	2.06020868	1.58571850	0.54160209	1.92689014	2.59897292	1.54407952	2.62622116	1.52783107	2.56182225	3.19313510	0.00000000	2.74414126	4.99124280	1.25595190
3.50407699	7.10944702	2.08594097	0.99125237	6.09816492	5.89339853	3.42321481	5.97315672	4.85671172	2.22661757	2.23985977	3.40988447	6.06033206	3.04105872	5.52187727	4.21899818	3.44600118	1.62966153	1.40520110	4.34277568	6.46761891	6.68496211	1.31311428	1.46108894	3.68708643	0.92623519	2.13104698	1.86292069	6.29671433	7.26740778	4.78580455	4.12292546	0.89602470	7.20783394	2.40044667	6.53423398	0.70126185	3.67862410	2.81786896	2.62042594	4.73437417	1.92040458	1.56087085	2.65647349	4.36893712	5.52473159	2.74414126	0.00000000	7.47887916	3.00673106
4.06732982	0.41291426	5.59943018	7.02376538	3.31916551	3.20146422	5.07956176	2.28107248	2.81214949	6.11431059	5.35211467	4.75104445	3.44372779	4.44036344	2.61597287	3.52236725	4.16323254	6.87666981	7.17457583	3.27844469	1.13938823	2.35139910	7.12160707	6.42322538	4.13544270	7.03077178	5.50085961	7.07197505	2.28747948	0.26944959	3.34059626	3.41128918	6.58926483	0.28414700	5.13639365	1.27500069	6.88800746	3.81140902	5.27284025	5.14236678	2.83210832	5.62404580	6.55968061	4.92273321	3.37460087	1.98645910	4.99124280	7.47887916	0.00000000	4.48838656
0.57388392	4.13172331	1.19185324	2.56370912	3.47021820	3.22188513	1.74211914	3.05915547	1.88050298	2.31102857	0.90817125	1.36493170	3.47284493	0.15194277	2.63184882	1.33571447	0.59226916	2.54356926	2.79110677	1.37284331	3.52842385	3.82408033	2.92867227	2.21133112	1.03591052	2.70709259	1.34224596	2.81066108	3.40935400	4.26923611	2.01744970	1.12111289	2.13421833	4.21330564	0.92809829	3.53243670	2.47153290	0.67697832	1.79738910	0.92992182	1.73329370	1.14145513	2.18188936	0.53205835	1.46545959	2.52005177	1.25595190	3.00673106	4.48838656	0.00000000

EDGE_KM_T
0.00000000	4.80896941	1.89497436	3.58188468	4.06039866	3.68947712	1.90590268	3.00269187	1.37415366	4.04418386	1.48089690	1.36071028	4.09071450	0.90858705	2.57470633	1.00365734	0.18262030	3.79366263	4.07595760	0.84820541	4.31572940	4.11321639	4.57235862	3.68442399	0.67668092	4.04301477	2.64438301	4.19852442	3.51930842	4.70187841	2.00246450	0.84668826	2.92951213	4.70305136	2.08041878	3.28157773	3.47069502	0.57046658	3.20542262	1.49445815	1.45063926	1.67399066	3.26207412	0.98233971	1.13216273	2.58755259	2.47877046	3.55973888	5.08279316	0.77778742
4.80952293	0.00000000	6.70473071	8.39186283	4.21653870	4.14273328	6.71549502	2.93722727	3.47853704	6.22147127	6.29062244	6.17027859	4.39142454	4.87088236	3.42402727	4.41290138	4.99215308	8.60358760	8.88593608	3.98029304	0.90120616	2.73264145	6.74981101	6.19495665	5.21668009	7.04004102	5.38605045	9.00846191	2.85370053	0.52529584	4.40018066	3.96273713	7.15812814	0.38439948	5.20192311	1.52746542	7.26977659	4.23903139	5.38257563	6.30413199	3.35868911	6.48376528	8.07196322	5.79199789	4.23664344	2.22165423	4.65588508	8.25757050	0.51573946	5.04136894
1.89489952	6.70369146	0.00000000	1.68683921	5.11148879	4.74057481	2.08099012	4.05377638	3.22560238	2.99286426	0.41406758	1.83918486	5.14180831	1.83364158	3.62581408	2.29137457	1.71228238	1.89863422	2.18091203	2.72395391	6.21048688	5.16426748	3.52098613	2.63308689	1.72788242	2.99164711	1.59309286	2.30349199	4.57037768	6.59658984	3.05361158	2.74155652	1.87816975	6.59776634	1.50275805	5.17632342	2.41933606	2.46535810	2.41648906	0.64107066	3.34547641	0.45160160	1.36705720	0.91260318	2.46760063	4.48235076	2.17440970	2.50835257	6.97749515	1.66315915
3.58163944	8.39031062	1.68679084	0.00000000	6.22428558	5.85337673	3.19388247	5.45334076	4.91229555	3.24563127	2.10085170	2.95207197	6.25460759	3.52039826	4.96665230	3.97809029	3.39902445	0.88316577	0.49407274	4.41066484	7.89713015	6.27703770	2.40799724	2.19682369	3.17444943	1.87866150	3.00550454	1.12987934	5.68316025	8.28320177	4.16644711	4.42827516	1.23367758	8.28438068	3.18954070	6.86295867	1.30635637	4.15209257	4.10327536	2.08726258	5.03217389	1.90778437	0.80421713	2.59937260	4.15431108	6.16902172	3.86118762	1.39535428	8.66410066	3.34991651
4.05991282	4.21611036	5.11088835	6.22364357	0.00000000	0.37089052	3.03006182	1.27927074	2.68604160	8.10363928	5.13611675	3.27189105	0.17485929	4.96839860	1.48561996	3.05640168	4.00153955	5.34051927	5.73376061	3.21188255	3.72301592	1.48361505	8.63159653	7.74380744	3.38326004	8.10227254	6.70395953	5.09379594	1.36268726	4.10897570	2.05770013	3.67568758	6.98887385	4.11016324	6.14007341	2.68881581	7.52998856	4.31528729	7.26505519	4.46990000	3.05532710	5.56247173	5.41949587	4.78454004	2.92792811	2.65833201	6.53845364	7.61891997	4.48985168	4.83759483
3.68908065	4.14228559	4.74009564	5.85288837	0.37089450	0.00000000	2.65924138	1.20541770	2.31517319	7.73286578	4.76531883	2.90106655	0.40122350	4.59757942	1.11473475	2.68555075	3.63070904	4.96975506	5.36300546	2.84102791	3.64917248	1.40977962	8.26085092	7.37304317	3.01242426	7.73152439	6.33317049	4.86409611	1.28884226	4.03515653	1.68683566	3.30483891	6.61811236	4.03634220	5.76927435	2.61497858	7.15923582	3.94445089	6.89425896	4.09909334	2.68446204	5.19168211	5.04872560	4.41373073	2.55707310	2.28744641	6.16765092	7.24818165	4.41603749	4.46677618
1.90582523	6.71417721	2.08085972	3.19365986	3.03015042	2.65925515	0.00000000	3.77730379	3.23635772	5.07363365	2.10608189	0.54516558	3.06047905	1.93833829	3.29065713	2.30221209	1.72321592	2.31052478	2.70377696	2.73477397	6.22106044	3.98166916	5.60162431	4.71381287	1.49862290	5.07229727	3.67393530	2.29223666	3.86072993	6.60704925	2.31476327	2.75240469	3.95888261	6.60823455	3.11003719	5.18686776	4.50000780	2.47626396	4.23502235	1.43985467	3.35624746	2.53244680	2.38949412	1.75449154	2.47841895	4.49302519	3.50841303	4.58895649	6.98793118	1.80753515
3.00252592	2.93698815	4.05370878	5.45343246	1.27928633	1.20544725	3.77761631	0.00000000	1.62846435	7.04656062	4.07890981	3.23243425	1.45415579	3.91107995	0.48669638	1.99891625	2.94416139	5.66523328	5.94750524	2.15437762	2.44379560	1.11047976	7.57466444	6.68677728	2.32585418	7.04532706	5.64679926	6.07008969	0.51659612	2.82988292	1.46267438	2.61821405	5.93185833	2.83106063	5.08286051	1.40962813	6.47301898	3.25787821	6.20785715	3.41264713	1.99776741	4.50530838	5.13366019	3.72727327	1.87042124	1.60066437	5.48122150	6.56202616	3.21078504	3.78027897
1.37415013	3.47819226	3.22573854	4.91264518	2.68624246	2.31532131	3.23666957	1.62853538	0.00000000	5.41832825	2.81166159	2.69147757	2.71655849	2.28273591	1.20055103	0.93425926	1.51338818	5.12442402	5.40671810	0.52594691	2.98495407	2.73905819	5.94650027	5.05856747	1.73794691	5.41715667	4.01852892	5.52928560	2.14515115	3.37110072	0.92161999	0.98979795	4.30365535	3.37227385	3.45456567	1.95080179	4.84483738	1.62949210	4.57956924	2.82522370	0.36931123	3.00475454	4.59283610	2.31310551	0.75802586	1.25677934	3.85291771	4.93387981	3.75201499	2.15193623
4.04467273	6.22183910	2.99306074	3.24584199	8.10559064	7.73463595	5.07433447	7.04790858	5.41912826	0.00000000	2.96791635	4.83257078	8.13589036	3.13597744	6.61982097	5.04848633	4.10301916	3.45754501	3.73991538	4.89306532	5.32058785	8.15857984	1.55489414	1.04891389	4.72138373	1.89403726	1.39993029	3.86242445	7.56459209	6.74714846	6.04740636	4.42916390	2.01209213	6.60624758	1.96397800	6.81876505	2.12376172	3.78936634	0.85790583	3.63427411	5.04978887	2.54142755	2.92590597	3.31967674	5.17702573	5.44711532	1.56565682	3.11159052	6.73760409	3.26677264
1.48086576	6.28975009	0.41407272	2.10094896	5.13678182	4.76586391	2.10621002	4.07907233	2.81160439	2.96769070	0.00000000	1.86440878	5.16709943	1.41959499	3.65109794	2.08008013	1.29824698	2.31273509	2.59502183	2.30994233	5.79652706	5.18958083	3.49584011	2.60792244	1.75311747	2.96649857	1.56790396	2.71759495	4.59568157	6.18265399	3.07887497	2.32753903	1.85300805	6.18382864	1.08869159	4.76236974	2.39418299	2.05132850	2.12895011	0.66627696	2.93147512	0.42641213	1.78115208	0.49854684	2.20858181	4.06836976	1.76034685	2.48321375	6.56356422	1.24911203
1.36067322	6.16919074	1.83909160	2.95195809	3.27209863	2.90119631	0.54517277	3.23226730	2.69126981	4.83189952	1.86430455	0.00000000	3.30242383	1.69652333	2.74559896	1.75709326	1.17806096	2.43266112	2.71491238	2.18966171	5.67604093	3.43666383	5.35993954	4.47209506	0.95347728	4.83060799	3.43217368	2.83751268	3.31570765	6.06207269	1.76966841	2.20728185	3.71716974	6.06325468	2.86825784	4.64185924	4.25831040	1.93111942	3.99324802	1.19806187	2.81115364	2.29068414	2.14776571	1.51269406	1.93330734	3.94796772	3.26662721	4.34728460	6.44296342	1.56572113
4.09021591	4.39095434	5.14117323	6.25391115	0.17485839	0.40122051	3.06035949	1.45412776	2.71636139	8.13391530	5.16640403	3.30219059	0.00000000	4.99869569	1.51594751	3.08671341	4.03184186	5.37079099	5.76402816	3.24219600	3.89786852	1.65846395	8.66185968	7.77407920	3.41356479	8.13253686	6.73424271	5.12406669	1.53754058	4.28381710	2.08801811	3.70599827	7.01914432	4.28500550	6.17036121	2.86366554	7.56025500	4.34559232	7.29534169	4.50019132	3.08564536	5.59275518	5.44977039	4.81483257	2.95824173	2.68865975	6.56874313	7.64917976	4.66469079	4.86789167
0.90861179	4.87045489	1.83374218	3.52072392	4.96912912	4.59820001	1.93834896	3.91142798	2.28283444	3.13568380	1.41965481	1.69655915	4.99944128	0.00000000	3.48341912	1.91230484	0.96696892	3.73248475	4.01479695	1.75685998	4.37717932	5.02198604	3.66391169	2.77594150	1.58529958	3.13456299	1.73585337	4.13735057	4.42805984	4.76337456	2.91113780	1.29299698	2.28701440	4.76454394	1.17187006	3.68218284	2.56223450	0.65327827	2.29687929	1.43319941	1.91351653	1.61276437	3.20088469	0.92107593	2.04081801	2.64896166	1.57021477	3.38636388	5.14429877	0.17048445
2.57456452	3.42367918	3.62574217	4.96671894	1.48566751	1.11475661	3.29091139	0.48669476	1.20050773	6.61859148	3.65094389	2.74572986	1.51598853	3.48311683	0.00000000	1.57095732	2.51619977	5.17852095	5.46079171	1.72641918	2.93048909	1.53843022	7.14669162	6.25880692	1.89789325	6.61735458	5.21883217	5.58337707	0.94454785	3.31657321	0.97597526	2.19025482	5.50388761	3.31775116	4.65489474	1.89632080	6.04504711	2.82991736	5.77989101	2.98468236	1.56981035	4.07734137	4.64694865	3.29930885	1.44246285	1.20236962	5.05325621	6.13405239	3.69747467	3.35231578
1.00363175	4.41235672	2.29140552	3.97826465	3.05668186	2.68576576	2.30237168	1.99897103	0.93423711	5.04773554	2.08005597	1.75718483	3.08700035	1.91220107	1.57100220	0.00000000	0.94526918	4.19005488	4.47233750	0.43258131	3.91914219	3.10947151	5.57587222	4.68796307	0.80366846	5.04653185	3.64795589	4.59491378	2.51557661	4.30525808	0.99878867	0.61930046	3.93304741	4.30643358	3.08400533	2.88498204	4.47421836	1.25897907	4.20900531	1.89090836	1.05410936	2.50646432	3.65847464	1.72840602	0.17622823	2.19099465	3.48236201	4.56324253	4.68616605	1.78140072
0.18261940	4.99153813	1.71233359	3.39922359	4.00200370	3.63108432	1.72327692	2.94429531	1.51337135	4.10251329	1.29825895	1.17808672	4.03232060	0.96694122	2.51631640	0.94528599	0.00000000	3.61100642	3.89329649	1.01170422	4.49830823	4.05481028	4.63067293	3.74274841	0.61831777	4.10133046	2.70272084	4.01586706	3.46090750	4.88444410	1.94408581	1.02929873	2.98783505	4.88561806	2.13876204	3.46415319	3.52901320	0.75308369	3.26376435	1.31182494	1.63324085	1.56122879	3.07942119	0.79970793	1.07378916	2.77014304	2.53711571	3.61804924	5.26535615	0.83614130
