NAME: multi_modal_data
TYPE: MM

VEHICLES: 2
DIMENSION: 55

NUM_T: 2
NUM_D: 1

MAXIMUM_SYSTEM_DURATION: 300
UNIT: MIN

SERVICETIME: 5
UNIT: MIN

TAKEOFF_LANDING_TIME: 2
UNIT: MIN

MAX_WAITING_TIME: 99999999
UNIT: MIN

INIT_SOC: 100
MAX_SOC: 100
MIN_SOC_T: 3
MIN_SOC_D: 3
UNIT: %

DEMAND_T: 28
DEMAND_D: 0
UNIT: EA

MASS_T: 1940
MASS_D: 15
UNIT: KG

LIFT_TO_DRAG: 3
POWER_MOTOR_PROP: 0.5
UNIT: RATIO

POWER_ELEC: 0.1
UNIT: KW

CARGO_LIMIT_TRUCK: 99999999999999
UNIT: KG

CARGO_LIMIT_DRONE: 6
UNIT: KG

BATTERY_KWH_T: 100
BATTERY_KWH_D: 0.3
UNIT: KWH 

ENERGY_KWH/KM_T: 1.0
ENERGY_KWH/KM_D: 0.1
UNIT: KWH/KM

CHARGING_KW_D: 0.5
CHARGING_KW_T: 80
UNIT: KW 

LOSISTIC_KWH/KG_T: 0.001
LOSISTIC_KWH/KG_D: 0.001
UNIT: KWH/KG

SPEED_T: 0.3
SPEED_D: 1.0
UNIT: KM/MIN

ALTITUDE: 100
UNIT: M

CURVY_AIR: 1.0
UNIT: RATIO

CURVY_ROAD: 1.0
UNIT: RATIO

DEPOT_SECTION
0

EDGE_KM_D_TYPE: EUC_2D(haversine)
EDGE_KM_T_TYPE: MAN_2D(haversine)
EDGE_KM_D_FORMAT : FULL_MATRIX
EDGE_KM_T_FORMAT : FULL_MATRIX

NODE_COORD_SECTION
0	37.55067682	127.14658930
1	37.53114956	127.12925845
2	37.55738735	127.15040639
3	37.54677484	127.14751443
4	37.55097074	127.15030422
5	37.54224371	127.12386804
6	37.54525979	127.13737829
7	37.54144132	127.12238117
8	37.56434512	127.16593843
9	37.54991832	127.15896671
10	37.55873376	127.16216508
11	37.57389775	127.16955182
12	37.56782886	127.16864441
13	37.53734992	127.12655550
14	37.55117442	127.16013875
15	37.52921530	127.13195901
16	37.56339366	127.12821441
17	37.57796701	127.16750379
18	37.55002315	127.12453404
19	37.54243142	127.13451820
20	37.52735125	127.14037571
21	37.56489156	127.16031029
22	37.55154395	127.14378844
23	37.56477935	127.15482246
24	37.54568497	127.17637818
25	37.54742105	127.16223727
26	37.52094616	127.14272936
27	37.54948705	127.18005084
28	37.55620216	127.13545867
29	37.56849401	127.17744263
30	37.55082684	127.13040968
31	37.56111453	127.12332586
32	37.55751637	127.15992608
33	37.57388450	127.16214698
34	37.52779122	127.12356964
35	37.55671559	127.14909381
36	37.54856702	127.11533390
37	37.54946604	127.12903511
38	37.53804264	127.15551775
39	37.53889527	127.14963011
40	37.55205514	127.16167268
41	37.56422277	127.12759926
42	37.56281447	127.13557691
43	37.53724939	127.12548980
44	37.52397482	127.13837130
45	37.55980057	127.17236609
46	37.55305185	127.13751161
47	37.57830288	127.16927575
48	37.52495911	127.14003483
49	37.52898231	127.14177117
50	37.54345490	127.13172582
51	37.52826260	127.12893213
52	37.55537240	127.12169173
53	37.57120885	127.17776870
54	37.57170840	127.17465045

EDGE_KM_D
0.00000000	2.65510678	0.81853920	0.44147914	0.32912258	2.21177320	1.01105794	2.36846655	2.28451969	1.09441706	1.63947099	3.28078542	2.72341444	2.30558585	1.19575687	2.71273734	2.15013766	3.55057976	1.94569432	1.40469039	2.65091798	1.99027324	0.26507333	1.72793001	2.68420763	1.42622157	3.32337654	2.95286041	1.15768966	3.36472827	1.42644398	2.35635047	1.40022050	2.92230708	3.25504858	0.70684659	2.76539244	1.55338382	1.61036270	1.33719938	1.33849833	2.25186413	1.66249387	2.38531404	3.05626996	2.48846265	0.84270109	3.66535979	2.91749475	2.44944242	1.53687389	2.93863176	2.25607699	3.57289184	3.40396762
2.65510678	0.00000000	3.46240463	2.36848269	2.88111869	1.32200942	1.72461511	1.29512729	4.90732277	3.34910969	4.22193102	5.93395475	5.35638388	0.72948274	3.51723539	0.32088791	3.58656680	6.20222335	2.13959012	1.33746868	1.06745574	4.64448049	2.60458976	4.36610992	4.45793570	3.42471508	1.64270066	4.92068362	2.83885379	5.94032289	2.19037024	3.37275918	3.98827426	5.56655700	0.62538398	3.33764238	2.29308929	2.03679732	2.43900757	1.99209550	3.68392451	3.68048653	3.56477386	0.75530138	1.13237261	4.95918541	2.54180892	6.31944625	1.17341232	1.12939932	1.38548125	0.32230251	2.77484928	6.17495213	6.02928481
0.81853920	3.46240463	0.00000000	1.20728337	0.71355181	2.88255150	1.77132486	3.04107445	1.57255265	1.12214885	1.04726526	2.49358823	1.98299033	3.06360762	1.10150820	3.52964678	2.06699815	2.73995766	2.42328409	2.17428897	3.45497096	1.20762741	0.87322839	0.90946528	2.63351068	1.52179512	4.10822831	2.75697328	1.32421390	2.68405259	1.90775379	2.42277703	0.83927444	2.10614854	4.05324194	0.13772022	3.24362559	2.07969571	2.19772985	2.05736622	1.15667363	2.14922168	1.43973583	3.13680975	3.86387028	1.95420842	1.23470146	2.85915167	3.72000449	3.24896218	2.26100189	3.75135722	2.54110366	2.85980780	2.66498070
0.44147914	2.36848269	1.20728337	0.00000000	0.52741881	2.14478803	0.90936902	2.29386179	2.54062055	1.06842573	1.85373303	3.58736217	2.99165705	2.12438636	1.21572335	2.38611611	2.51184816	3.89028256	2.05789227	1.24343116	2.24965987	2.30878380	0.62379359	2.10310778	2.54758041	1.29997235	2.90285068	2.88422384	1.49278064	3.57663301	1.57381603	2.66254434	1.61980760	3.27880304	2.98552315	1.11409616	2.84404597	1.65639396	1.20029541	0.89580521	1.37937279	2.61649260	2.07083181	2.21193597	2.66034703	2.62627940	1.12462771	3.99618727	2.51385531	2.04222231	1.44010108	2.63093503	2.46903464	3.80706662	3.66171475
0.32912258	2.88111869	0.71355181	0.52741881	0.00000000	2.52461360	1.30454555	2.68012646	2.02754063	0.77257719	1.35584909	3.06227962	2.47535588	2.58416696	0.86727474	2.91003553	2.38742042	3.36293419	2.27427176	1.68478539	2.76842144	1.78158294	0.57793339	1.58626264	2.37262917	1.12361296	3.40474076	2.62757554	1.43214960	3.08529616	1.75391204	2.63209080	1.11767116	2.75343860	3.49279707	0.64764862	3.09448316	1.88248414	1.50923877	1.34404733	1.00942716	2.48536710	1.84925371	2.66724460	3.18086764	2.17857686	1.15123664	3.46884060	3.03078510	2.55814279	1.83878460	3.15066406	2.56935697	3.30525601	3.15000739
2.21177320	1.32200942	2.88255150	2.14478803	2.52461360	0.00000000	1.23744802	0.15857541	4.44903222	3.20990460	3.84195447	5.34837601	4.86553976	0.59351754	3.34833875	1.61483211	2.38277766	5.52928057	0.86702586	0.93922403	2.20475359	4.08194254	2.03807067	3.70477492	4.64534457	3.43142157	2.89386835	5.01828732	1.85826702	5.55191221	1.11512052	2.09888686	3.60400359	4.87481640	1.60726107	2.74501534	1.02979711	0.92329219	2.82936950	2.30173046	3.50692116	2.46599828	2.50947634	0.57345688	2.40044302	4.70005361	1.70033607	5.66541061	2.39292990	2.16019704	0.70576131	1.61748653	1.47239950	5.74009163	5.54733579
1.01105794	1.72461511	1.77132486	0.90936902	1.30454555	1.23744802	0.00000000	1.38873325	3.29275158	1.97248428	2.64940501	4.26417862	3.72747815	1.29774254	2.11159432	1.84695036	2.17219503	4.50310872	1.25011064	0.40310756	2.00880435	2.97518997	0.89868418	2.66000256	3.43868181	2.20475919	2.74442311	3.79130569	1.22844958	4.37575870	0.87213923	2.15467715	2.41007954	3.85975563	2.29247664	1.63991366	1.97795406	0.87165313	1.78936723	1.29139308	2.27116044	2.27799692	1.95844178	1.37552665	2.36840317	3.48244688	0.86651837	4.62653943	2.26945695	1.85095722	0.53724147	2.03143683	1.78236240	4.58274945	4.40947442
2.36846655	1.29512729	3.04107445	2.29386179	2.68012646	0.15857541	1.38873325	0.00000000	4.60759636	3.36040001	3.99977146	5.50582597	5.02405841	0.58518077	3.50031141	1.60043548	2.49456917	5.68465352	0.97295033	1.07573938	2.22986283	4.24017062	2.19633257	3.86174470	4.78400206	3.57624803	2.90055137	5.16245675	2.00578143	5.71034044	1.26101182	2.18914919	3.76171473	5.03005101	1.52143709	2.90352793	1.00689539	1.06787354	2.94599297	2.41914858	3.65953995	2.57461207	2.64601280	0.54073511	2.40003080	4.85644377	1.85636826	5.82123987	2.40460569	2.20055076	0.85377030	1.57514620	1.55025956	5.89866685	5.70581940
2.28451969	4.90732277	1.57255265	2.54062055	2.02754063	4.44903222	3.29275158	4.60759636	0.00000000	1.71787606	0.70706596	1.10892001	0.45490952	4.58958869	1.55118268	4.92270275	3.32673340	1.52095784	3.98208386	3.68908603	4.69044282	0.49977488	2.41626839	0.98095795	2.26984680	1.90994507	5.24166642	2.06812143	2.83513621	1.11398042	3.47387454	3.77313097	0.92597309	1.11212279	5.52031187	1.71005394	4.79341526	3.64957855	3.06558732	3.17415033	1.41737212	3.37927905	2.68152644	4.66827134	5.10470479	0.75917524	2.80280816	1.57965860	4.93921922	4.47230914	3.80680761	5.17126895	4.02577241	1.29216195	1.12247901
1.09441706	3.34910969	1.12214885	1.06842573	0.77257719	3.20990460	1.97248428	3.36040001	1.71787606	0.00000000	1.01997618	2.82492043	2.16657467	3.18099187	0.17373633	3.31210107	3.09737016	3.20836507	3.03553560	2.31062463	2.99729477	1.66915864	1.35022636	1.69237225	1.60555923	0.40030278	3.52538094	1.85935781	2.18696093	2.63034682	2.51954105	3.37946399	0.84908885	2.67962497	3.97420601	1.15271515	3.84954887	2.63919674	1.35507523	1.47646472	0.33669211	3.18987897	2.51145839	3.27045814	3.40877387	1.61328400	1.92322565	3.28441674	3.23867214	2.77815952	2.50683869	3.57929139	3.34146366	2.88985558	2.78959486
1.63947099	4.22193102	1.04726526	1.85373303	1.35584909	3.84195447	2.64940501	3.99977146	0.70706596	1.01997618	0.00000000	1.80748886	1.16144172	3.93818865	0.85933075	4.22678833	3.03710253	2.18979389	3.45578871	3.03748507	3.98343273	0.70396495	1.80647194	0.93315841	1.91708078	1.25793332	4.53780402	1.88231321	2.37091555	1.72949862	2.93413384	3.43374722	0.23932547	1.68468895	4.83912939	1.17386600	4.28032246	3.09698943	2.37421215	2.46725941	0.74389708	3.10731316	2.38714018	4.02011842	4.39765685	0.90697913	2.26320183	2.26444059	4.23218628	3.76526336	3.17602307	4.47940857	3.58723184	1.95338245	1.81450817
3.28078542	5.93395475	2.49358823	3.58736217	3.06227962	5.34837601	4.26417862	5.50582597	1.10892001	2.82492043	1.80748886	0.00000000	0.67955335	5.55707259	2.65945909	5.97231091	3.82595307	0.48715013	4.77419549	4.66679635	5.77961206	1.29085363	3.36677360	1.64720630	3.19430859	3.01385031	6.34506191	2.86777054	3.59187424	0.91906497	4.29935231	4.31506410	2.00941782	0.65258702	6.53577243	2.62710650	5.54729925	4.48716202	4.17443717	4.26993866	2.52613128	3.85083020	3.23811200	5.62965364	6.19449847	1.58704094	3.65354773	0.49043189	6.03189908	5.56251546	4.75144560	6.21066672	4.69450009	0.78346035	0.51105558
2.72341444	5.35638388	1.98299033	2.99165705	2.47535588	4.86553976	3.72747815	5.02405841	0.45490952	2.16657467	1.16144172	0.67955335	0.00000000	5.02520419	1.99790365	5.37542425	3.59744115	1.13178584	4.36328076	4.12615586	5.14482327	0.80389657	2.84241618	1.26455864	2.55492471	2.33847466	5.69183064	2.27388790	3.19807737	0.77896321	3.86430685	4.06358608	1.38037820	0.88392630	5.96752783	2.12053421	5.16431087	4.04468938	3.50840889	3.62773173	1.85850041	3.63982898	2.96741614	5.10240754	5.55897170	0.95106854	3.19853182	1.16598751	5.39307768	4.92659039	4.23518187	5.62259195	4.36423370	0.88765996	0.68285708
2.30558585	0.72948274	3.06360762	2.12438636	2.58416696	0.59351754	1.29774254	0.58518077	4.58958869	3.18099187	3.93818865	5.55707259	5.02520419	0.00000000	3.33612116	1.02234773	2.89962637	5.78159716	1.42042643	0.90120503	1.64960914	4.27009421	2.19075853	3.93856219	4.48947056	3.33932499	2.31543401	4.90574289	2.23840861	5.66713182	1.53661037	2.65780281	3.69914293	5.13294441	1.09500457	2.93005013	1.59203302	1.36487468	2.55483309	2.04177640	3.50134244	2.98954555	2.94110358	0.09462851	1.81590375	4.74791050	1.99535923	5.90910559	1.81964738	1.63273657	0.81770478	1.03196771	2.04937334	5.87846285	5.70711429
1.19575687	3.51723539	1.10150820	1.21572335	0.86727474	3.34833875	2.11159432	3.50031141	1.55118268	0.17373633	0.85933075	2.65945909	1.99790365	3.33612116	0.00000000	3.48357976	3.12495058	3.04910894	3.14142043	2.45908193	3.17075345	1.52535336	1.44196828	1.58372150	1.55635853	0.45652205	3.69517435	1.76539885	2.24631705	2.45669795	2.62110141	3.42814868	0.70544253	2.53144537	4.14206247	1.15222770	3.96053362	2.74859139	1.51596049	1.65004046	0.16696232	3.21440213	2.52249530	3.42482457	3.58204586	1.44284892	2.00559885	3.12220240	3.41166011	2.95160604	2.64790403	3.74985010	3.42125275	2.71618288	2.61715739
2.71273734	0.32088791	3.52964678	2.38611611	2.91003553	1.61483211	1.84695036	1.60043548	4.92270275	3.31210107	4.22678833	5.97231091	5.37542425	1.02234773	3.48357976	0.00000000	3.81477677	6.26138241	2.40456397	1.48679140	0.77061369	4.68878701	2.69301068	4.43862438	4.32357102	3.35042917	1.32196679	4.80218955	3.01662737	5.92911709	2.40697617	3.62778040	3.99788586	5.63500731	0.75655951	3.41071478	2.60365790	2.26649115	2.29756685	1.89380224	3.64875841	3.91158820	3.74965251	1.05994232	0.81198257	4.92518994	2.69534043	6.37294775	0.85508096	0.86564955	1.58350687	0.28717296	3.04615437	6.17359482	6.04071641
2.15013766	3.58656680	2.06699815	2.51184816	2.38742042	2.38277766	2.17219503	2.49456917	3.32673340	3.09737016	3.03710253	3.82595307	3.59744115	2.89962637	3.12495058	3.81477677	0.00000000	3.82312918	1.52172013	2.39622517	4.14867959	2.83386691	1.90284637	2.35032194	4.68015929	3.48560431	4.89036813	4.82395665	1.02333116	4.37583509	1.41070381	0.49989446	2.87062242	3.21012995	3.97993878	1.98459366	2.00180884	1.55037223	3.70672457	3.31436505	3.20748889	0.10695496	0.65213619	2.91701992	4.47371975	3.91216829	1.41210281	3.98052909	4.39896088	4.00869387	2.23859631	3.90691330	1.06117877	4.45320094	4.19586900
3.55057976	6.20222335	2.73995766	3.89028256	3.36293419	5.52928057	4.50310872	5.68465352	1.52095784	3.20836507	2.18979389	0.48715013	1.13178584	5.78159716	3.04910894	6.26138241	3.82312918	0.00000000	4.89890824	4.90583604	6.11522922	1.58613765	3.60580001	1.84376123	3.67384499	3.42813523	6.70606870	3.35438140	3.71944043	1.36995416	4.44939466	4.32108329	2.37005964	0.65493154	6.79180910	2.86650999	5.64200579	4.64116687	4.56338929	4.62144028	2.92675306	3.83461640	3.27971419	5.84935604	6.52991480	2.06497567	3.82928636	0.16055684	6.37226380	5.90034184	4.96714669	6.48908290	4.75562369	1.17604321	0.93861188
1.94569432	2.13959012	2.42328409	2.05789227	2.27427176	0.86702586	1.25011064	0.97295033	3.98208386	3.03553560	3.45578871	4.77419549	4.36328076	1.42042643	3.14142043	2.40456397	1.52172013	4.89890824	0.00000000	1.21959475	2.88209228	3.56073702	1.70581218	3.13378931	4.59598698	3.33646367	3.60939293	4.89462298	1.18302262	5.09595511	0.52563421	1.23789707	3.22927278	4.24633192	2.47354311	2.28936262	0.82707546	0.40161327	3.03920176	2.53507163	3.28180616	1.60188042	1.72354214	1.42287642	3.14292622	4.35440441	1.19259079	5.04382412	3.10408649	2.78992987	0.96717550	2.45054255	0.64543057	5.25052673	5.03276767
1.40469039	1.33746868	2.17428897	1.24343116	1.68478539	0.93922403	0.40310756	1.07573938	3.68908603	2.31062463	3.03748507	4.66679635	4.12615586	0.90120503	2.45908193	1.48679140	2.39622517	4.90583604	1.21959475	0.00000000	1.75458196	3.37740163	1.30178932	3.06248978	3.70827120	2.50601012	2.49636633	4.09022659	1.53348157	4.76614152	1.00133748	2.29986915	2.79834885	4.26184387	1.89264505	2.04301653	1.82376684	0.91953173	1.91475158	1.38920827	2.62225636	2.49867689	2.26841508	0.98269735	2.08021648	3.85521300	1.21006695	5.02955025	2.00280605	1.62648207	0.27122502	1.65070247	1.83010552	4.97742381	4.80758531
2.65091798	1.06745574	3.45497096	2.24965987	2.76842144	2.20475359	2.00880435	2.22986283	4.69044282	2.99729477	3.98343273	5.77961206	5.14482327	1.64960914	3.17075345	0.77061369	4.14867959	6.11522922	2.88209228	1.75458196	0.00000000	4.52918405	2.70688590	4.35235183	3.77269980	2.94888846	0.74184435	4.27738090	3.23723919	5.62211592	2.75430018	4.04406297	3.77118938	5.51876306	1.48284073	3.35442378	3.23117940	2.65457916	1.78775675	1.52106465	3.32741715	4.25185098	3.96596647	1.71299483	0.41497189	4.57974537	2.86891622	6.21202918	0.26768712	0.21917186	1.94631341	1.01421776	3.52448513	5.88640096	5.78425991
1.99027324	4.64448049	1.20762741	2.30878380	1.78158294	4.08194254	2.97518997	4.24017062	0.49977488	1.66915864	0.70396495	1.29085363	0.80389657	4.27009421	1.52535336	4.68878701	2.83386691	1.58613765	3.56073702	3.37740163	4.52918405	0.00000000	2.07938278	0.48386026	2.56268336	1.95004717	5.12646553	2.44173180	2.39418378	1.56224151	3.06476188	3.28684299	0.82078397	1.01298831	5.24506735	1.34312994	4.36045308	3.24691989	3.01521518	3.04012666	1.43239044	2.88413039	2.19223772	4.34399126	4.94382637	1.20401891	2.40247334	1.68766832	4.78660383	4.31449850	3.46860339	4.92359116	3.56483695	1.69148116	1.47376163
0.26507333	2.60458976	0.87322839	0.62379359	0.57793339	2.03807067	0.89868418	2.19633257	2.41626839	1.35022636	1.80647194	3.36677360	2.84241618	2.19075853	1.44196828	2.69301068	1.90284637	3.60580001	1.70581218	1.30178932	2.70688590	2.07938278	0.00000000	1.76406967	2.94603525	1.68979849	3.40360570	3.20496607	0.89860137	3.51459222	1.18211632	2.09431638	1.56995277	2.96471526	3.18651284	0.74123093	2.53023593	1.32097695	1.82296774	1.49780139	1.57762362	2.00601015	1.44724588	2.26476656	3.10253904	2.68123796	0.57818085	3.72826212	2.97457285	2.51504116	1.39282400	2.90129617	1.99388315	3.70842849	3.52526080
1.72793001	4.36610992	0.90946528	2.10310778	1.58626264	3.70477492	2.66000256	3.86174470	0.98095795	1.69237225	0.93315841	1.64720630	1.26455864	3.93856219	1.58372150	4.43862438	2.35032194	1.84376123	3.13378931	3.06248978	4.35235183	0.48386026	1.76406967	0.00000000	2.84932372	2.03782403	4.98928986	2.79947218	1.95522188	2.03603978	2.65290427	2.80594003	0.92444668	1.20074249	4.95052687	1.02905778	3.92002721	2.84017211	2.97362287	2.91435312	1.53833378	2.40027014	1.71034523	4.00719893	4.76344823	1.64246880	2.00721391	1.97074545	4.61576305	4.14342327	3.12536630	4.65806012	3.10201757	2.14505018	1.90987407
2.68420763	4.45793570	2.63351068	2.54758041	2.37262917	4.64534457	3.43868181	4.78400206	2.26984680	1.60555923	1.91708078	3.19430859	2.55492471	4.48947056	1.55635853	4.32357102	4.68015929	3.67384499	4.59598698	3.70827120	3.77269980	2.56268336	2.94603525	2.84932372	0.00000000	1.26154834	4.04606079	0.53251628	3.79216083	2.53798865	4.09271411	4.98154064	1.95813854	3.37726051	5.06361388	2.69997489	5.39127514	4.19492293	2.02604174	2.47619920	1.47731280	4.76850812	4.06995657	4.58372558	4.13023292	1.60894149	3.52298282	3.68058351	3.94722649	3.57217458	3.94454621	4.61026227	4.93988466	2.84077549	2.89768295
1.42622157	3.42471508	1.52179512	1.29997235	1.12361296	3.43142157	2.20475919	3.57624803	1.90994507	0.40030278	1.25793332	3.01385031	2.33847466	3.33932499	0.45652205	3.35042917	3.48560431	3.42813523	3.33646367	2.50601012	2.94888846	1.95004717	1.68979849	2.03782403	1.26154834	0.00000000	3.40958988	1.58715321	2.55464933	2.69946527	2.83132701	3.75291738	1.14088957	2.94261617	4.04827404	1.55262510	4.13697552	2.93591204	1.19936790	1.46090153	0.51768579	3.57959813	2.90741633	3.43165831	3.35043303	1.64076934	2.26789651	3.48949862	3.17345428	2.73131179	2.72590089	3.62792568	3.68206986	2.97838345	2.91387190
3.32337654	1.64270066	4.10822831	2.90285068	3.40474076	2.89386835	2.74442311	2.90055137	5.24166642	3.52538094	4.53780402	6.34506191	5.69183064	2.31543401	3.69517435	1.32196679	4.89036813	6.70606870	3.60939293	2.49636633	0.74184435	5.12646553	3.40360570	4.98928986	4.04606079	3.40958988	0.00000000	4.57180253	3.97236391	6.10898849	3.49565185	4.78294997	4.33991226	6.13035147	1.85318247	4.01677600	3.90744509	3.39337587	2.21036049	2.08655851	3.84132124	4.99361907	4.69806559	2.36590032	0.51101146	5.04916358	3.59951788	6.79360560	0.50555032	0.89756671	2.68435485	1.46367567	4.25377002	6.38587540	6.30717254
2.95286041	4.92068362	2.75697328	2.88422384	2.62757554	5.01828732	3.79130569	5.16245675	2.06812143	1.85935781	1.88231321	2.86777054	2.27388790	4.90574289	1.76539885	4.80218955	4.82395665	3.35438140	4.89462298	4.09022659	4.27738090	2.44173180	3.20496607	2.79947218	0.53251628	1.58715321	4.57180253	0.00000000	4.00128908	2.12594800	4.37878518	5.16484463	1.98606702	3.13849581	5.53359092	2.84490032	5.70629965	4.49747069	2.50954978	2.92923583	1.64513546	4.90534785	4.19114807	4.99917677	4.64257535	1.33194912	3.77099586	3.34196740	4.45956909	4.07309577	4.31290929	5.08769286	5.18610301	2.42371870	2.51633937
1.15768966	2.83885379	1.32421390	1.49278064	1.43214960	1.85826702	1.22844958	2.00578143	2.83513621	2.18696093	2.37091555	3.59187424	3.19807737	2.23840861	2.24631705	3.01662737	1.02333116	3.71944043	1.18302262	1.53348157	3.23723919	2.39418378	0.89860137	1.95522188	3.79216083	2.55464933	3.97236391	4.00128908	0.00000000	3.94494556	0.74522381	1.20089640	2.16174214	3.06582220	3.32852007	1.20329643	1.96677761	0.93898551	2.68416279	2.29442521	2.35640407	1.12930755	0.73532959	2.28337100	3.59271152	3.27784464	0.39428417	3.86302371	3.49742467	3.07745811	1.45513183	3.15958204	1.21707173	4.08558029	3.86081911
3.36472827	5.94032289	2.68405259	3.57663301	3.08529616	5.55191221	4.37575870	5.71034044	1.11398042	2.63034682	1.72949862	0.91906497	0.77896321	5.66713182	2.45669795	5.92911709	4.37583509	1.36995416	5.09595511	4.76614152	5.62211592	1.56224151	3.51459222	2.03603978	2.53798865	2.69946527	6.10898849	2.12594800	3.94494556	0.00000000	4.58768201	4.83993822	1.96819671	1.47530027	6.56059993	2.82118236	5.90614533	4.76276062	3.89882985	4.10407183	2.29642044	4.41871971	3.74367133	5.74853499	6.03083921	1.06520394	3.91623221	1.30677474	5.85750610	5.40300930	4.89822433	6.18889914	5.12612654	0.30324120	0.43394818
1.42644398	2.19037024	1.90775379	1.57381603	1.75391204	1.11512052	0.87213923	1.26101182	3.47387454	2.51954105	2.93413384	4.29935231	3.86430685	1.53661037	2.62110141	2.40697617	1.41070381	4.44939466	0.52563421	1.00133748	2.75430018	3.06476188	1.18211632	2.65290427	4.09271411	2.83132701	3.49565185	4.37878518	0.74522381	4.58768201	0.00000000	1.30327699	2.70619419	3.79462609	2.63148859	1.77245644	1.35260010	0.19385708	2.63077481	2.15214163	2.75940888	1.51002194	1.40863996	1.57082163	3.06722626	3.83076489	0.67318719	4.59015616	2.99895209	2.62746043	0.82789488	2.51241240	0.91983812	4.75000378	4.53851139
2.35635047	3.37275918	2.42277703	2.66254434	2.63209080	2.09888686	2.15467715	2.18914919	3.77313097	3.37946399	3.43374722	4.31506410	4.06358608	2.65780281	3.42814868	3.62778040	0.49989446	4.32108329	1.23789707	2.29986915	4.04406297	3.28684299	2.09431638	2.80594003	4.98154064	3.75291738	4.78294997	5.16484463	1.20089640	4.83993822	1.30327699	0.00000000	3.25090920	3.70452687	3.70545059	2.32344758	1.56300188	1.38959614	3.82568288	3.38845720	3.52718565	0.51120848	1.09627207	2.66053447	4.33756601	4.32514488	1.53864635	4.47812202	4.28171300	3.92561952	2.09864629	3.68626052	0.65454362	4.92805296	4.67453127
1.40022050	3.98827426	0.83927444	1.61980760	1.11767116	3.60400359	2.41007954	3.76171473	0.92597309	0.84908885	0.23932547	2.00941782	1.38037820	3.69914293	0.70544253	3.99788586	2.87062242	2.37005964	3.22927278	2.79834885	3.77118938	0.82078397	1.56995277	0.92444668	1.95813854	1.14088957	4.33991226	1.98606702	2.16174214	1.96819671	2.70619419	3.25090920	0.00000000	1.83055180	4.60431133	0.95900180	4.05499295	2.86651031	2.19998369	2.26079335	0.62647679	2.94541206	2.22566355	3.78094848	4.18593807	1.12558892	2.03728212	2.45385971	4.02264001	3.55373394	2.93687394	4.24834345	3.37878879	2.18892400	2.04320083
2.92230708	5.56655700	2.10614854	3.27880304	2.75343860	4.87481640	3.85975563	5.03005101	1.11212279	2.67962497	1.68468895	0.65258702	0.88392630	5.13294441	2.53144537	5.63500731	3.21012995	0.65493154	4.24633192	4.26184387	5.51876306	1.01298831	2.96471526	1.20074249	3.37726051	2.94261617	6.13035147	3.13849581	3.06582220	1.47530027	3.79462609	3.70452687	1.83055180	0.00000000	6.15101727	2.22897250	4.99517315	3.98631397	4.02805379	4.04406009	2.42767786	3.22884884	2.64559144	5.19965210	5.93234289	1.80659934	3.17508107	0.79753279	5.77897256	5.30618646	4.31736299	5.85734169	4.11725672	1.40854138	1.12819560
3.25504858	0.62538398	4.05324194	2.98552315	3.49279707	1.60726107	2.29247664	1.52143709	5.52031187	3.97420601	4.83912939	6.53577243	5.96752783	1.09500457	4.14206247	0.75655951	3.97993878	6.79180910	2.47354311	1.89264505	1.48284073	5.24506735	3.18651284	4.95052687	5.06361388	4.04827404	1.85318247	5.53359092	3.32852007	6.56059993	2.63148859	3.70545059	4.60431133	6.15101727	0.00000000	3.92536680	2.42160680	2.45783753	3.03900803	2.60865752	4.30881082	4.06655711	4.03572645	1.06524435	1.37255485	5.58363562	3.06606338	6.91238699	1.48575460	1.61052832	1.88435941	0.47578105	3.07135739	6.79251122	6.64274573
0.70684659	3.33764238	0.13772022	1.11409616	0.64764862	2.74501534	1.63991366	2.90352793	1.71005394	1.15271515	1.17386600	2.62710650	2.12053421	2.93005013	1.15222770	3.41071478	1.98459366	2.86650999	2.28936262	2.04301653	3.35442378	1.34312994	0.74123093	1.02905778	2.69997489	1.55262510	4.01677600	2.84490032	1.20329643	2.82118236	1.77245644	2.32344758	0.95900180	2.22897250	3.92536680	0.00000000	3.11096969	1.94333756	2.15219185	1.98209519	1.22397887	2.07039066	1.37094800	3.00260989	3.76135999	2.07989120	1.09927168	2.98763735	3.62036854	3.15066069	2.12568946	3.62900262	2.42012631	2.99752584	2.80240446
2.76539244	2.29308929	3.24362559	2.84404597	3.09448316	1.02979711	1.97795406	1.00689539	4.79341526	3.84954887	4.28032246	5.54729925	5.16431087	1.59203302	3.96053362	2.60365790	2.00180884	5.64200579	0.82707546	1.82376684	3.23117940	4.36045308	2.53023593	3.92002721	5.39127514	4.13697552	3.90744509	5.70629965	1.96677761	5.90614533	1.35260010	1.56300188	4.05499295	4.99517315	2.42160680	3.11096969	0.00000000	1.21201513	3.73111629	3.20929420	4.10348312	2.04927197	2.38622624	1.54450261	3.40644254	5.18040524	2.01771653	5.79124169	3.41095428	3.18999411	1.55293210	2.55636234	0.94168343	6.05193388	5.82740995
1.55338382	2.03679732	2.07969571	1.65639396	1.88248414	0.92329219	0.87165313	1.06787354	3.64957855	2.63919674	3.09698943	4.48716202	4.04468938	1.36487468	2.74859139	2.26649115	1.55037223	4.64116687	0.40161327	0.91953173	2.65457916	3.24691989	1.32097695	2.84017211	4.19492293	2.93591204	3.39337587	4.49747069	0.93898551	4.76276062	0.19385708	1.38959614	2.86651031	3.98631397	2.45783753	1.94333756	1.21201513	0.00000000	2.65800513	2.16299880	2.89159730	1.64575078	1.59236538	1.39392859	2.95161684	3.98884489	0.84698005	4.78142377	2.89250024	2.53946428	0.70925480	2.35773496	0.92217205	4.92928872	4.72055029
1.61036270	2.43900757	2.19772985	1.20029541	1.50923877	2.82936950	1.78936723	2.94599297	3.06558732	1.35507523	2.37421215	4.17443717	3.50840889	2.55483309	1.51596049	2.29756685	3.70672457	4.56338929	3.03920176	1.91475158	1.78775675	3.01521518	1.82296774	2.97362287	2.02604174	1.19936790	2.21036049	2.50954978	2.68416279	3.89882985	2.63077481	3.82568288	2.19998369	4.02805379	3.03900803	2.15219185	3.73111629	2.65800513	0.00000000	0.52770857	1.64990990	3.81208686	3.26766369	2.64910778	2.17555245	2.83894358	2.30336361	4.63809802	1.99511905	1.57615401	2.18232764	2.58422146	3.55057108	4.17709645	4.10586490
1.33719938	1.99209550	2.05736622	0.89580521	1.34404733	2.30173046	1.29139308	2.41914858	3.17415033	1.47646472	2.46725941	4.26993866	3.62773173	2.04177640	1.65004046	1.89380224	3.31436505	4.62144028	2.53507163	1.38920827	1.52106465	3.04012666	1.49780139	2.91435312	2.47619920	1.46090153	2.08655851	2.92923583	2.29442521	4.10407183	2.15214163	3.38845720	2.26079335	4.04406009	2.60865752	1.98209519	3.20929420	2.16299880	0.52770857	0.00000000	1.80790381	3.42103236	2.93408003	2.13635260	1.93344266	3.06938493	1.90247216	4.71170602	1.76557450	1.30200741	1.65801275	2.17457956	3.06979529	4.36613984	4.26348503
1.33849833	3.68392451	1.15667363	1.37937279	1.00942716	3.50692116	2.27116044	3.65953995	1.41737212	0.33669211	0.74389708	2.52613128	1.85850041	3.50134244	0.16696232	3.64875841	3.20748889	2.92675306	3.28180616	2.62225636	3.32741715	1.43239044	1.57762362	1.53833378	1.47731280	0.51768579	3.84132124	1.64513546	2.35640407	2.29642044	2.75940888	3.52718565	0.62647679	2.42767786	4.30881082	1.22397887	4.10348312	2.89159730	1.64990990	1.80790381	0.00000000	3.29418337	2.59283659	3.58980705	3.73770462	1.27683850	2.13279788	2.99456472	3.56618771	3.10824662	2.80799035	3.91566284	3.54370981	2.55909097	2.46663062
2.25186413	3.68048653	2.14922168	2.61649260	2.48536710	2.46599828	2.27799692	2.57461207	3.37927905	3.18987897	3.10731316	3.85083020	3.63982898	2.98954555	3.21440213	3.91158820	0.10695496	3.83461640	1.60188042	2.49867689	4.25185098	2.88413039	2.00601015	2.40027014	4.76850812	3.57959813	4.99361907	4.90534785	1.12930755	4.41871971	1.51002194	0.51120848	2.94541206	3.22884884	4.06655711	2.07039066	2.04927197	1.64575078	3.81208686	3.42103236	3.29418337	0.00000000	0.72039089	3.00506669	4.57503333	3.97643360	1.51867654	3.99281992	4.50148215	4.11293300	2.33776067	4.00032024	1.11339317	4.48949708	4.22964317
1.66249387	3.56477386	1.43973583	2.07083181	1.84925371	2.50947634	1.95844178	2.64601280	2.68152644	2.51145839	2.38714018	3.23811200	2.96741614	2.94110358	2.52249530	3.74965251	0.65213619	3.27971419	1.72354214	2.26841508	3.96596647	2.19223772	1.44724588	1.71034523	4.06995657	2.90741633	4.69806559	4.19114807	0.73532959	3.74367133	1.40863996	1.09627207	2.22566355	2.64559144	4.03572645	1.37094800	2.38622624	1.59236538	3.26766369	2.93408003	2.59283659	0.72039089	0.00000000	2.97855374	4.32579881	3.26003608	1.09886892	3.43321817	4.22763852	3.80140045	2.17929332	3.88640382	1.47743564	3.83404722	3.58302890
2.38531404	0.75530138	3.13680975	2.21193597	2.66724460	0.57345688	1.37552665	0.54073511	4.66827134	3.27045814	4.02011842	5.62965364	5.10240754	0.09462851	3.42482457	1.05994232	2.91701992	5.84935604	1.42287642	0.98269735	1.71299483	4.34399126	2.26476656	4.00719893	4.58372558	3.43165831	2.36590032	4.99917677	2.28337100	5.74853499	1.57082163	2.66053447	3.78094848	5.19965210	1.06524435	3.00260989	1.54450261	1.39392859	2.64910778	2.13635260	3.58980705	3.00506669	2.97855374	0.00000000	1.86253703	4.83387149	2.05206125	5.97794352	1.87421160	1.70474206	0.88229206	1.04437057	2.04281905	5.95799594	5.78464599
3.05626996	1.13237261	3.86387028	2.66034703	3.18086764	2.40044302	2.36840317	2.40003080	5.10470479	3.40877387	4.39765685	6.19449847	5.55897170	1.81590375	3.58204586	0.81198257	4.47371975	6.52991480	3.14292622	2.08021648	0.41497189	4.94382637	3.10253904	4.76344823	4.13023292	3.35043303	0.51101146	4.64257535	3.59271152	6.03083921	3.06722626	4.33756601	4.18593807	5.93234289	1.37255485	3.76135999	3.40644254	2.95161684	2.17555245	1.93344266	3.73770462	4.57503333	4.32579881	1.86253703	0.00000000	4.98526463	3.23411116	6.62694079	0.18303260	0.63239734	2.24395038	0.95927851	3.78835679	6.29677295	6.19691552
2.48846265	4.95918541	1.95420842	2.62627940	2.17857686	4.70005361	3.48244688	4.85644377	0.75917524	1.61328400	0.90697913	1.58704094	0.95106854	4.74791050	1.44284892	4.92518994	3.91216829	2.06497567	4.35440441	3.85521300	4.57974537	1.20401891	2.68123796	1.64246880	1.60894149	1.64076934	5.04916358	1.33194912	3.27784464	1.06520394	3.83076489	4.32514488	1.12558892	1.80659934	5.58363562	2.07989120	5.18040524	3.98884489	2.83894358	3.06938493	1.27683850	3.97643360	3.26003608	4.83387149	4.98526463	0.00000000	3.16274891	2.07531601	4.80988927	4.36109234	4.01735320	5.19250053	4.49394606	1.35497396	1.33931246
0.84270109	2.54180892	1.23470146	1.12462771	1.15123664	1.70033607	0.86651837	1.85636826	2.80280816	1.92322565	2.26320183	3.65354773	3.19853182	1.99535923	2.00559885	2.69534043	1.41210281	3.82928636	1.19259079	1.21006695	2.86891622	2.40247334	0.57818085	2.00721391	3.52298282	2.26789651	3.59951788	3.77099586	0.39428417	3.91623221	0.67318719	1.53864635	2.03728212	3.17508107	3.06606338	1.09927168	2.01771653	0.84698005	2.30336361	1.90247216	2.13279788	1.51867654	1.09886892	2.05206125	3.23411116	3.16274891	0.00000000	3.96507718	3.13168692	2.70263636	1.18277216	2.85835333	1.41823840	4.08257205	3.87552133
3.66535979	6.31944625	2.85915167	3.99618727	3.46884060	5.66541061	4.62653943	5.82123987	1.57965860	3.28441674	2.26444059	0.49043189	1.16598751	5.90910559	3.12220240	6.37294775	3.98052909	0.16055684	5.04382412	5.02955025	6.21202918	1.68766832	3.72826212	1.97074545	3.68058351	3.48949862	6.79360560	3.34196740	3.86302371	1.30677474	4.59015616	4.47812202	2.45385971	0.79753279	6.91238699	2.98763735	5.79124169	4.78142377	4.63809802	4.71170602	2.99456472	3.99281992	3.43321817	5.97794352	6.62694079	2.07531601	3.96507718	0.00000000	6.46748051	5.99627553	5.09608296	6.60371325	4.90821170	1.08740493	0.87295253
2.91749475	1.17341232	3.72000449	2.51385531	3.03078510	2.39292990	2.26945695	2.40460569	4.93921922	3.23867214	4.23218628	6.03189908	5.39307768	1.81964738	3.41166011	0.85508096	4.39896088	6.37226380	3.10408649	2.00280605	0.26768712	4.78660383	2.97457285	4.61576305	3.94722649	3.17345428	0.50555032	4.45956909	3.49742467	5.85750610	2.99895209	4.28171300	4.02264001	5.77897256	1.48575460	3.62036854	3.41095428	2.89250024	1.99511905	1.76557450	3.56618771	4.50148215	4.22763852	1.87421160	0.18303260	4.80988927	3.13168692	6.46748051	0.00000000	0.47283794	2.18324586	1.04573689	3.74863852	6.12488593	6.02786407
2.44944242	1.12939932	3.24896218	2.04222231	2.55814279	2.16019704	1.85095722	2.20055076	4.47230914	2.77815952	3.76526336	5.56251546	4.92659039	1.63273657	2.95160604	0.86564955	4.00869387	5.90034184	2.78992987	1.62648207	0.21917186	4.31449850	2.51504116	4.14342327	3.57217458	2.73131179	0.89756671	4.07309577	3.07745811	5.40300930	2.62746043	3.92561952	3.55373394	5.30618646	1.61052832	3.15066069	3.18999411	2.53946428	1.57615401	1.30200741	3.10824662	4.11293300	3.80140045	1.70474206	0.63239734	4.36109234	2.70263636	5.99627553	0.47283794	0.00000000	1.83693288	1.13501181	3.42711444	5.66722953	5.56533620
1.53687389	1.38548125	2.26100189	1.44010108	1.83878460	0.70576131	0.53724147	0.85377030	3.80680761	2.50683869	3.17602307	4.75144560	4.23518187	0.81770478	2.64790403	1.58350687	2.23859631	4.96714669	0.96717550	0.27122502	1.94631341	3.46860339	1.39282400	3.12536630	3.94454621	2.72590089	2.68435485	4.31290929	1.45513183	4.89822433	0.82789488	2.09864629	2.93687394	4.31736299	1.88435941	2.12568946	1.55293210	0.70925480	2.18232764	1.65801275	2.80799035	2.33776067	2.17929332	0.88229206	2.24395038	4.01735320	1.18277216	5.09608296	2.18324586	1.83693288	0.00000000	1.70717472	1.59328869	5.09868713	4.91800715
2.93863176	0.32230251	3.75135722	2.63093503	3.15066406	1.61748653	2.03143683	1.57514620	5.17126895	3.57929139	4.47940857	6.21066672	5.62259195	1.03196771	3.74985010	0.28717296	3.90691330	6.48908290	2.45054255	1.65070247	1.01421776	4.92359116	2.90129617	4.65806012	4.61026227	3.62792568	1.46367567	5.08769286	3.15958204	6.18889914	2.51241240	3.68626052	4.24834345	5.85734169	0.47578105	3.62900262	2.55636234	2.35773496	2.58422146	2.17457956	3.91566284	4.00032024	3.88640382	1.04437057	0.95927851	5.19250053	2.85835333	6.60371325	1.04573689	1.13501181	1.70717472	0.00000000	3.08132762	6.42966086	6.29146544
2.25607699	2.77484928	2.54110366	2.46903464	2.56935697	1.47239950	1.78236240	1.55025956	4.02577241	3.34146366	3.58723184	4.69450009	4.36423370	2.04937334	3.42125275	3.04615437	1.06117877	4.75562369	0.64543057	1.83010552	3.52448513	3.56483695	1.99388315	3.10201757	4.93988466	3.68206986	4.25377002	5.18610301	1.21707173	5.12612654	0.91983812	0.65454362	3.37878879	4.11725672	3.07135739	2.42012631	0.94168343	0.92217205	3.55057108	3.06979529	3.54370981	1.11339317	1.47743564	2.04281905	3.78835679	4.49394606	1.41823840	4.90821170	3.74863852	3.42711444	1.59328869	3.08132762	0.00000000	5.24705835	5.00886312
3.57289184	6.17495213	2.85980780	3.80706662	3.30525601	5.74009163	4.58274945	5.89866685	1.29216195	2.88985558	1.95338245	0.78346035	0.88765996	5.87846285	2.71618288	6.17359482	4.45320094	1.17604321	5.25052673	4.97742381	5.88640096	1.69148116	3.70842849	2.14505018	2.84077549	2.97838345	6.38587540	2.42371870	4.08558029	0.30324120	4.75000378	4.92805296	2.18892400	1.40854138	6.79251122	2.99752584	6.05193388	4.92928872	4.17709645	4.36613984	2.55909097	4.48949708	3.83404722	5.95799594	6.29677295	1.35497396	4.08257205	1.08740493	6.12488593	5.66722953	5.09868713	6.42966086	5.24705835	0.00000000	0.28037747
3.40396762	6.02928481	2.66498070	3.66171475	3.15000739	5.54733579	4.40947442	5.70581940	1.12247901	2.78959486	1.81450817	0.51105558	0.68285708	5.70711429	2.61715739	6.04071641	4.19586900	0.93861188	5.03276767	4.80758531	5.78425991	1.47376163	3.52526080	1.90987407	2.89768295	2.91387190	6.30717254	2.51633937	3.86081911	0.43394818	4.53851139	4.67453127	2.04320083	1.12819560	6.64274573	2.80240446	5.82740995	4.72055029	4.10586490	4.26348503	2.46663062	4.22964317	3.58302890	5.78464599	6.19691552	1.33931246	3.87552133	0.87295253	6.02786407	5.56533620	4.91800715	6.29146544	5.00886312	0.28037747	0.00000000

EDGE_KM_T
0.00000000	3.69917169	1.08268201	0.51543680	0.36017953	2.94075955	1.41436174	3.16105984	3.22561055	1.17549819	2.26900780	4.60636300	3.85153695	3.24800660	1.24981173	3.67617840	3.03392733	4.87829663	2.01701203	1.98099993	3.14146001	2.79021265	0.34333740	2.29394383	3.18117023	1.74150392	3.64618391	3.08216742	1.59563548	4.70112438	1.44303012	3.21145953	1.93625718	3.95210091	4.57411160	0.89227217	2.98998312	1.68215868	2.19196437	1.57811850	1.48296997	3.18034985	2.32046740	3.35313369	3.69360518	3.28692398	1.06435543	5.07185349	3.43750469	2.83707530	2.11336166	4.04895498	2.71702258	5.03174615	4.81239771
3.69957189	0.00000000	4.78234204	3.34726971	4.05983721	1.70894261	2.28499745	1.75083336	6.92562923	4.70667307	5.96893935	8.30646511	7.55161811	0.92779630	4.94969649	0.45321474	3.67744956	8.57835145	2.51525059	1.71829322	1.40267490	6.49010138	3.54901273	5.99370584	5.77129171	4.71738779	2.32243495	6.51792070	3.33246221	8.40140870	2.28953268	3.85509464	5.63613703	7.65203204	0.87507127	4.59190190	3.16460562	2.05639640	3.08202546	2.65766147	5.18289015	3.82388628	4.07814448	1.01059208	1.60136750	6.98709108	3.16319197	8.77194923	1.63861013	1.34436098	1.58586701	0.34979083	3.36069543	8.73203799	8.51261756
1.08265171	4.78168584	0.00000000	1.43498260	0.72250167	4.02323090	2.49694034	4.24351939	2.14280525	1.58510437	1.18623245	3.52352901	2.76871017	4.33049929	1.54874510	4.75871397	2.62407704	3.79547890	3.09948866	3.06355582	4.22406240	1.70745203	1.23312397	1.21122677	3.59063820	2.15108414	4.72880498	3.49160624	1.44941601	3.61822777	2.49218888	2.80157044	0.85349960	2.86932570	5.65658058	0.19039942	4.07238673	2.76467104	2.60159792	2.12465649	1.58602893	2.77049468	1.91067555	4.43561792	4.77619166	2.20406766	1.61874996	3.98902170	4.52010438	3.91968876	3.19589539	5.13146654	2.75522486	3.94884694	3.72952326
0.51544107	3.34693241	1.43501890	0.00000000	0.71251595	2.58854514	1.06208498	2.80885229	3.57801912	1.35919176	2.62139895	4.95878824	4.20395801	2.89577979	1.60219353	3.32392664	3.54945320	5.23071242	2.38718623	1.62873637	2.78916941	3.14259525	0.85879140	2.64630110	2.66586664	1.36984606	3.29388245	3.17004986	2.11112792	5.05358604	1.95854586	3.72700796	2.28863800	4.30449198	4.22189856	1.24460300	3.03637127	1.92841521	1.67656450	1.06269146	1.83535885	3.69587856	2.83595929	3.00091180	3.34132383	3.63936221	1.57983840	5.42427746	3.08521567	2.48477826	1.76111098	3.69671720	3.23257855	5.38420931	5.16484649
0.36017824	4.05934391	0.72250244	0.71250210	0.00000000	3.30092989	1.77453678	3.52122966	2.86542558	0.88068187	1.90882414	4.24617677	3.49135104	3.60817788	0.88962878	4.03635155	3.32873296	4.51811111	2.37718260	2.34117398	3.50163609	2.43002964	0.63814845	1.93376273	2.88634785	1.44668646	4.00636081	2.78734377	1.89044363	4.34093542	1.76983821	3.50626346	1.57607430	3.59191726	4.93428183	0.74550400	3.35015049	2.04233081	1.89714924	1.40215994	1.12278648	3.47515526	2.61527559	3.71330460	4.05378056	2.92673678	1.35916429	4.71166736	3.79768066	3.19725186	2.47353473	4.40912709	3.01182594	4.67155707	4.45220972
2.94098617	1.70887190	4.02370625	2.58867185	3.30120275	0.00000000	1.52653256	0.22031512	6.16678967	3.94792497	5.21014930	7.54757815	6.79274306	0.78111106	4.19093302	2.16205121	2.73497678	7.81949136	0.92375417	0.95986584	3.11140097	5.73133565	2.79046374	5.23501211	5.01231520	3.95859679	4.03113014	5.75889601	2.57402250	7.64241822	1.53115920	2.14614492	4.87737635	6.89324222	1.63335502	3.83328332	1.45555106	1.25865241	3.25760004	2.64369546	4.42410655	2.77293439	3.31970321	0.69832926	3.31011985	6.22816720	2.40472533	8.01306589	3.34734067	3.05306874	0.82747627	2.00111604	1.65172427	7.97304324	7.75366371
