NAME: multi_modal_data
TYPE: MM

VEHICLES: 2
DIMENSION: 57

NUM_T: 2
NUM_D: 1

MAXIMUM_SYSTEM_DURATION: 300
UNIT: MIN

SERVICETIME: 5
UNIT: MIN

TAKEOFF_LANDING_TIME: 2
UNIT: MIN

MAX_WAITING_TIME: 99999999
UNIT: MIN

INIT_SOC: 100
MAX_SOC: 100
MIN_SOC_T: 3
MIN_SOC_D: 3
UNIT: %

DEMAND_T: 29
DEMAND_D: 0
UNIT: EA

MASS_T: 1940
MASS_D: 15
UNIT: KG

LIFT_TO_DRAG: 3
POWER_MOTOR_PROP: 0.5
UNIT: RATIO

POWER_ELEC: 0.1
UNIT: KW

CARGO_LIMIT_TRUCK: 99999999999999
UNIT: KG

CARGO_LIMIT_DRONE: 6
UNIT: KG

BATTERY_KWH_T: 100
BATTERY_KWH_D: 0.3
UNIT: KWH 

ENERGY_KWH/KM_T: 1.0
ENERGY_KWH/KM_D: 0.1
UNIT: KWH/KM

CHARGING_KW_D: 0.5
CHARGING_KW_T: 80
UNIT: KW 

LOSISTIC_KWH/KG_T: 0.001
LOSISTIC_KWH/KG_D: 0.001
UNIT: KWH/KG

SPEED_T: 0.3
SPEED_D: 1.0
UNIT: KM/MIN

ALTITUDE: 100
UNIT: M

CURVY_AIR: 1.0
UNIT: RATIO

CURVY_ROAD: 1.0
UNIT: RATIO

DEPOT_SECTION
0

EDGE_KM_D_TYPE: EUC_2D(haversine)
EDGE_KM_T_TYPE: MAN_2D(haversine)
EDGE_KM_D_FORMAT : FULL_MATRIX
EDGE_KM_T_FORMAT : FULL_MATRIX

NODE_COORD_SECTION
0	37.65626684	127.07513123
1	37.63619418	127.08569983
2	37.64161715	127.10478699
3	37.63514433	127.10555991
4	37.67459525	127.05335817
5	37.62836241	127.06194924
6	37.64681904	127.07681542
7	37.68881734	127.06562464
8	37.65726015	127.07757409
9	37.62600433	127.05619777
10	37.62223379	127.09999820
11	37.64165611	127.08089285
12	37.64419433	127.06842172
13	37.62401332	127.07639434
14	37.63999396	127.11085278
15	37.62907933	127.07220630
16	37.66703935	127.05198186
17	37.67905429	127.06772245
18	37.64184527	127.07083631
19	37.62396434	127.05989164
20	37.68443793	127.07974767
21	37.66897381	127.08998651
22	37.68401870	127.09077458
23	37.67304096	127.06538322
24	37.69137319	127.08057099
25	37.66348888	127.09145807
26	37.68546820	127.06453773
27	37.67627606	127.09317921
28	37.62751250	127.05389373
29	37.65721072	127.06878084
30	37.62102731	127.05848421
31	37.67514536	127.08967017
32	37.68692433	127.08869125
33	37.68370076	127.05935477
34	37.66198183	127.07924983
35	37.63184641	127.04649495
36	37.67201357	127.05899890
37	37.66178734	127.09250178
38	37.63659163	127.11206605
39	37.62544893	127.08975254
40	37.65199733	127.08544651
41	37.62677592	127.06627120
42	37.63906877	127.10806507
43	37.69170907	127.07171529
44	37.67099944	127.08495156
45	37.68078466	127.08418903
46	37.67465073	127.07642877
47	37.65267902	127.05678942
48	37.67463316	127.07334387
49	37.66293399	127.05875372
50	37.68107089	127.08374645
51	37.63815618	127.06108282
52	37.66771564	127.05444414
53	37.66622947	127.07816798
54	37.64354277	127.05737942
55	37.63057022	127.04280437
56	37.68126934	127.06342768

EDGE_KM_D
0.00000000	2.41817591	3.07740662	3.56285793	2.79758716	3.31280982	1.06096146	3.71490501	0.24175410	3.75535710	4.37210442	1.70198972	1.46662048	3.58815775	3.62837406	3.03406791	2.36373051	2.61641976	1.64758535	3.83434442	3.15872868	1.92518167	3.37910223	2.05309503	3.93290168	1.64635483	3.37826245	2.73384475	3.70400833	0.56880102	4.18365628	2.45852408	3.61184061	3.35168615	0.73162719	3.70548914	2.25439321	1.64772170	3.91932733	3.66065378	1.02471250	3.37076263	3.47340604	3.95245142	1.85226643	2.84043939	2.04738563	1.66326053	2.04829493	1.62112585	2.86042807	2.36331981	2.22185668	1.13959008	2.10816293	4.03308267	2.96485930
2.41817591	0.00000000	1.78557692	1.75270029	5.13216979	2.26554851	1.41694213	6.11244523	2.44924681	2.83433781	1.99880787	0.74028216	1.76234888	1.58305767	2.25474859	1.42752052	4.53601446	5.02171816	1.45180324	2.64852977	5.38999489	3.66441752	5.33658122	4.47054879	6.15222071	3.07708425	5.78704493	4.50528078	2.96257171	2.77131658	2.93062795	4.34525944	5.64708628	5.76914111	2.92314764	3.48600565	4.62484188	2.90815869	2.32211351	1.24698124	1.75737358	2.00598744	1.99512261	6.29451943	3.87073410	4.96002544	4.35336925	3.13676891	4.41046117	3.80377407	4.99303091	2.17859380	4.45610704	3.40496590	2.62412092	3.82875420	5.38195565
3.07740662	1.78557692	0.00000000	0.72295711	5.82607012	4.04988550	2.52980791	6.27922553	2.96067341	4.61749168	2.19620147	2.10386934	3.21468342	3.17535995	0.56376817	3.18975385	5.44068152	5.28906885	2.98944029	4.41395429	5.24684581	3.30922136	4.87351046	4.92355860	5.92901355	2.70031539	6.02723492	3.98706184	4.74805677	3.61321582	4.67629671	3.95854730	5.23336271	6.15555077	3.19096419	5.24663995	5.26034278	2.48998696	0.85033812	2.23269822	2.05712342	3.77181152	0.40448620	6.28476828	3.70451356	4.71758568	4.44117593	4.40121743	4.59774847	4.69491065	4.76199911	3.86741109	5.29748016	3.60297423	4.17964306	5.59445932	5.71795710
3.56285793	1.75270029	0.72295711	0.00000000	6.35313260	3.91374361	2.84446657	6.92650926	3.48119710	4.46418196	1.51684113	2.28952791	3.42141849	2.85109695	0.71274642	3.01357172	5.90147746	5.91051715	3.14700290	4.20947186	5.93350682	4.00373765	5.58826764	5.50155011	6.62800760	3.38748928	6.65976275	4.70171678	4.62827210	4.06279572	4.43297626	4.66269168	5.94607396	6.75982075	3.77769939	5.21411493	5.79734805	3.17781981	0.59508006	1.76069239	2.57836113	3.58279223	0.48896470	6.95958099	4.38030332	5.41245245	5.08669756	4.71600883	5.22723730	5.15072085	5.45589501	3.93073629	5.77652902	4.21462483	4.34396280	5.54959629	6.32939245
2.79758716	5.13216979	5.82607012	6.35313260	0.00000000	5.19620328	3.71523702	1.91472459	2.87382067	5.40885166	7.12466785	4.39207340	3.63120531	5.97894699	6.35766764	5.32621881	0.84886562	1.35792467	3.95332640	5.65921618	2.56736326	3.28383365	3.45552285	1.07235861	3.03567554	3.57360920	1.55874225	3.50960270	5.23558201	2.36212071	5.97356416	3.19640377	3.39822483	1.14176722	2.67593954	4.79170687	0.57347395	3.72808753	6.67592894	6.33489238	3.78048268	5.43744592	6.22884712	2.49618045	2.80921105	2.79924445	2.03045969	2.45562122	1.75895228	1.38090428	2.76960547	4.10851149	0.77092656	2.37352640	3.47098014	4.98275727	1.15588392
3.31280982	2.26554851	4.04988550	3.91374361	5.19620328	0.00000000	2.43422169	6.73007165	3.49540499	0.57035759	3.41951680	2.22883088	1.85039137	1.36096438	4.49639110	0.90679526	4.38930433	5.65955464	1.69118298	0.52153665	6.42916767	5.14640460	6.68874143	4.97722464	7.19569010	4.69105739	6.35397030	5.99534516	0.71568123	3.26369916	0.87084647	5.74604953	6.92425738	6.15758976	4.03673492	1.41501653	4.86073930	4.58801778	4.50716226	2.46988717	3.34476232	0.41951184	4.23180909	7.09610338	5.15542953	6.14911131	5.30253933	2.74179136	5.24196222	3.85447095	6.16705506	1.09168856	4.42549207	4.44616943	1.73528315	1.70375039	5.88442919
1.06096146	1.41694213	2.52980791	2.84446657	3.71523702	2.43422169	0.00000000	4.77275097	1.16291954	2.94158443	3.41186865	0.67709954	0.79456424	2.53615512	3.09149549	2.01388723	3.13599490	3.67267963	0.76355094	2.94605060	4.19099127	2.72271317	4.31505189	3.08453073	4.96521760	2.25775929	4.43139078	3.57821176	2.94660875	1.35481441	3.29099295	3.34683919	4.58038262	4.37959368	1.69959369	3.14635797	3.21063812	2.16268914	3.30557732	2.63520767	0.95339788	2.41436276	2.88326852	5.01169473	2.78249802	3.83217403	3.09493432	1.87964172	3.10785420	2.39565003	3.85719145	1.68722981	3.04589983	2.16162607	1.74959523	3.49759002	4.00786477
3.71490501	6.11244523	6.27922553	6.92650926	1.91472459	6.73007165	4.77275097	0.00000000	3.66321928	7.03362383	7.99827464	5.41356499	4.96796316	7.26798970	6.73217885	6.66779195	2.70291158	1.10118679	5.24316880	7.22897289	1.33477209	3.07656721	2.27651655	1.75438435	1.34551468	3.61955540	0.38449275	2.79722918	6.89457143	3.52546052	7.56408230	2.60553648	2.04062108	0.79252285	3.21590748	6.55487786	1.95736267	3.82478320	7.10180366	7.35942213	4.45041920	6.89893486	6.67506195	0.62498736	2.61118320	1.86186746	1.83995215	4.09295372	1.71727982	2.94094035	1.81244811	5.64743931	2.54436136	2.74354320	5.08635177	6.78116554	0.86127868
0.24175410	2.44924681	2.96067341	3.48119710	2.87382067	3.49540499	1.16291954	3.66321928	0.00000000	3.95242019	4.36665890	1.75952114	1.66133634	3.69834312	3.50290542	3.16900968	2.50147028	2.57386346	1.81380082	4.01638388	3.02808556	1.70007709	3.19421291	2.05684131	3.80236152	1.40477568	3.33986991	2.52144185	3.91008888	0.77409675	4.36550093	2.25581559	3.44057549	3.34894744	0.54535679	3.93363062	2.31615679	1.40718206	3.80840237	3.69621272	0.90706384	3.53277164	3.36126460	3.86509986	1.66002873	2.67982295	1.93637320	1.89933348	1.96735065	1.77277374	2.70279975	2.57305277	2.34455913	0.99871352	2.34255167	4.26376363	2.94578322
3.75535710	2.83433781	4.61749168	4.46418196	5.40885166	0.57035759	2.94158443	7.03362383	3.95242019	0.00000000	3.88022815	2.78530950	2.29122630	1.79241930	5.05804602	1.45068048	4.57796586	5.98551248	2.18272801	0.39659264	6.82026010	5.62840342	7.13300190	5.29239132	7.57874279	5.19721763	6.65272683	6.46899103	0.26324164	3.64258144	0.58891717	6.20821798	7.35318809	6.42157685	4.48594142	1.07336754	5.12194212	5.10381144	5.05874286	2.95575511	3.87125480	0.89128080	4.79289901	7.43264483	5.60722312	6.57087316	5.69493370	2.96655235	5.61403835	4.11255824	6.58593907	1.41805137	4.64066182	4.87318950	1.95296264	1.28412072	6.17807110
4.37210442	1.99880787	2.19620147	1.51684113	7.12466785	3.41951680	3.41186865	7.99827464	4.36665890	3.88022815	0.00000000	2.73765288	3.70062885	2.08821904	2.19401476	2.56321807	6.53412735	6.92772309	3.36900114	3.53747629	7.14284939	5.27148039	6.91799811	6.41908670	7.87588296	4.64858166	7.69320049	6.03914842	4.10259262	4.76255550	3.65872610	5.95335604	7.26181422	7.71475878	4.78246380	4.83156887	6.60825862	4.44741233	1.91788858	0.97058200	3.54894644	3.01295981	2.00222581	8.11661191	5.58197897	6.65767336	6.18687672	5.09279483	6.28137119	5.80253700	6.69701576	3.85732884	6.45473425	5.25614112	4.43839100	5.12150131	7.31148461
1.70198972	0.74028216	2.10386934	2.28952791	4.39207340	2.22883088	0.67709954	5.41356499	1.75952114	2.78530950	2.73765288	0.00000000	1.13374786	2.00138800	2.64444936	1.59399638	3.80056459	4.31707827	0.88572003	2.70003126	4.75819589	3.14131203	4.79014856	3.74741161	5.52836659	2.59977698	5.07995024	3.99861660	2.85057957	2.03189313	3.02583725	3.80315500	5.08019261	5.04494340	2.26474341	3.21933791	3.88707725	2.46076793	2.80204709	1.96378464	1.21777987	2.09654827	2.40977420	5.62395972	3.28233788	4.36056585	3.68982457	2.45066868	3.72661446	3.06541254	4.38992136	1.78718852	3.71725468	2.74294558	2.08091803	3.57327502	4.66538096
1.46662048	1.76234888	3.21468342	3.42141849	3.63120531	1.85039137	0.79456424	4.96796316	1.66133634	2.29122630	3.70062885	1.13374786	0.00000000	2.35128674	3.76508751	1.71343399	2.92359667	3.87674500	0.33678715	2.37157267	4.58459772	3.34601973	4.84570982	3.21873615	5.35393725	2.95225184	4.60216775	4.18035368	2.25329766	1.44770454	2.72063900	3.91704502	5.07529851	4.46483150	2.19561516	2.36916317	3.20264711	2.88460725	3.93480755	2.80586136	1.73190720	1.94607651	3.53679582	5.29135232	3.31682909	4.29887584	3.45917368	1.39245781	3.41226965	2.25087997	4.31667742	0.93185559	2.89044673	2.59608000	0.97493470	2.71722310	4.14592982
3.58815775	1.58305767	3.17535995	2.85109695	5.97894699	1.36096438	2.53615512	7.26798970	3.69834312	1.79241930	2.08821904	2.00138800	2.35128674	0.00000000	3.51645137	0.67331977	5.24492658	6.16771883	2.04233912	1.45340790	6.72540248	5.14061787	6.79133918	5.53715595	7.49910501	4.58549000	6.91273809	5.99629802	2.01942720	3.75176622	1.61194860	5.80452479	7.07866092	6.80436207	4.22939129	2.77342828	5.55277685	4.43325657	3.43864753	1.18722961	3.21215040	0.94297027	3.25283261	7.53869551	5.27866664	6.34988213	5.63063204	3.62492760	5.63508118	4.59806430	6.37745139	2.07152195	5.22967403	4.69682507	2.74216552	3.04667309	6.46811770
3.62837406	2.25474859	0.56376817	0.71274642	6.35766764	4.49639110	3.09149549	6.73217885	3.50290542	5.05804602	2.19401476	2.64444936	3.76508751	3.51645137	0.00000000	3.61306085	5.99203802	5.76881359	3.52946792	4.82869289	5.64974996	3.70922289	5.20460987	5.43371658	6.30430202	3.12100628	6.49530981	4.32398332	5.20421629	4.16954087	5.07107038	4.33068237	5.57111753	6.64595566	3.70388635	5.73906232	5.78914417	2.91249109	0.39311721	2.46338348	2.60481763	4.19193196	0.26615016	6.70337589	4.13345778	5.10703869	4.90243516	4.96453738	5.07330906	5.24827011	5.15324684	4.38712710	5.84485658	4.09756241	4.72479612	6.08306641	6.20423859
3.03406791	1.42752052	3.18975385	3.01357172	5.32621881	0.90679526	2.01388723	6.66779195	3.16900968	1.45068048	2.56321807	1.59399638	1.71343399	0.67331977	3.61306085	0.00000000	4.58116731	5.57097228	1.42462751	1.22461007	6.19130083	4.70416113	6.32389461	4.92508621	6.96579681	4.18480908	6.30640140	5.56337005	1.62208376	3.14257951	1.50402605	5.34807679	6.59375093	6.17810518	3.71078270	2.28501904	4.91363719	4.05223538	3.60807067	1.59709386	2.80237332	0.58206003	3.34733720	6.96425321	4.79446431	5.84535154	5.08093265	2.95448282	5.06635226	3.94640368	5.86978980	1.40646767	4.57193015	4.16412541	2.07149273	2.59453508	5.85450307
2.36373051	4.53601446	5.44068152	5.90147746	0.84886562	4.38930433	3.13599490	2.70291158	2.50147028	4.57796586	6.53412735	3.80056459	2.92359667	5.24492658	5.99203802	4.58116731	0.00000000	1.92461204	3.25625910	4.84009358	3.11676010	3.35200605	3.90138491	1.35522906	3.69479793	3.49710583	2.32814965	3.76859276	4.39841377	1.83876798	5.14824536	3.43739532	3.91489980	1.96301436	2.46519072	3.94298564	0.82908111	3.61415504	6.28036183	5.69615640	3.38755353	4.65049958	5.83528453	3.24665514	2.93511016	3.22039287	2.31215688	1.65192668	2.06107937	0.75079229	3.20154579	3.31009807	0.22940238	2.30665416	2.65556126	4.13490088	1.87575366
2.61641976	5.02171816	5.28906885	5.91051715	1.35792467	5.65955464	3.67267963	1.10118679	2.57386346	5.98551248	6.92772309	4.31707827	3.87674500	6.16771883	5.76881359	5.57097228	1.92461204	0.00000000	4.14652921	6.16440328	1.21582815	2.25742885	2.10239924	0.69962872	1.77614920	2.71291006	0.76628542	2.26156332	5.85906893	2.43068285	6.50337425	1.97986068	2.04225540	0.89955044	2.15248756	5.57199270	1.09652482	2.90568104	6.12631845	6.26824307	3.38903599	5.81450128	5.69038058	1.45035226	1.76109705	1.46184203	0.90931771	3.08664880	0.69744801	1.95861448	1.42788982	4.58507424	1.71911585	1.69670920	4.05230952	5.82039092	0.45112670
1.64758535	1.45180324	2.98944029	3.14700290	3.95332640	1.69118298	0.76355094	5.24316880	1.81380082	2.18272801	3.36900114	0.88572003	0.33678715	2.04233912	3.52946792	1.42462751	3.25625910	4.14652921	0.00000000	2.20954891	4.80061374	3.45567941	5.00713433	3.50186462	5.57351761	3.01461958	4.88223706	4.30418924	2.18307686	1.71811924	2.55768354	4.05703233	5.25317909	4.76259367	2.35842001	2.41458740	3.51269260	2.92492506	3.67707226	2.46955965	1.71142036	1.72318381	3.29252771	5.54514823	3.47178592	4.48656803	3.68087554	1.72646977	3.65252798	2.57494146	4.50731066	0.95174664	3.21832185	2.78716643	1.19979508	2.76852264	4.43200483
3.83434442	2.64852977	4.41395429	4.20947186	5.65921618	0.52153665	2.94605060	7.22897289	4.01638388	0.39659264	3.53747629	2.70003126	2.37157267	1.45340790	4.82869289	1.22461007	4.84009358	6.16440328	2.20954891	0.00000000	6.94785285	5.66295351	7.20999668	5.47845449	7.71342337	5.20000983	6.85114702	6.51335098	0.65930481	3.77878335	0.34931639	6.26591424	7.44577809	6.64256462	4.55803553	1.46971441	5.34341638	5.09237481	4.80438016	2.63500871	3.84446435	0.64296426	4.56259388	7.60444809	5.67640453	6.67041783	5.82109176	3.20459493	5.75725685	4.33439119	6.68823401	1.58154579	4.88851463	4.96752321	2.18823653	1.67452060	6.37963330
3.15872868	5.38999489	5.24684581	5.93350682	2.56736326	6.42916767	4.19099127	1.33477209	3.02808556	6.82026010	7.14284939	4.75819589	4.58459772	6.72540248	5.64974996	6.19130083	3.11676010	1.21582815	4.80061374	6.94785285	0.00000000	1.94133381	0.97147439	1.78999752	0.77456161	2.54724944	1.34333870	1.49024894	6.72657631	3.17767892	7.29521153	1.35284893	0.83415958	1.79642759	2.49739295	6.53963582	2.28975034	2.75745574	6.03313468	6.61815608	3.64194385	6.52056655	5.62704316	1.07390279	1.56290073	0.56371775	1.12680192	4.06870629	1.22728653	3.02184369	0.51381392	5.40220900	2.90115681	2.02945963	4.95529506	6.81574726	1.47875463
1.92518167	3.66441752	3.30922136	4.00373765	3.28383365	5.14640460	2.72271317	3.07656721	1.70007709	5.62840342	5.27148039	3.14131203	3.34601973	5.14061787	3.70922289	4.70416113	3.35200605	2.25742885	3.45567941	5.66295351	1.94133381	0.00000000	1.67435530	2.21216840	2.62491316	0.62349922	2.89483216	0.85922278	5.59931710	2.27927068	6.00974383	0.68681088	1.99926282	3.15423547	1.22376182	5.63066858	2.74824464	0.82920282	4.09190350	4.83979564	1.92954121	5.13577834	3.68653999	2.99607650	0.49711122	1.40894324	1.34994530	3.43837131	1.59423499	2.82997266	1.45292669	4.26818887	3.13148482	1.08408532	4.02940173	5.95737195	2.70792143
3.37910223	5.33658122	4.87351046	5.58826764	3.45552285	6.68874143	4.31505189	2.27651655	3.19421291	7.13300190	6.91799811	4.79014856	4.84570982	6.79133918	5.20460987	6.32389461	3.90138491	2.10239924	5.00713433	7.20999668	0.97147439	1.67435530	0.00000000	2.54625138	1.21446475	2.28360735	2.31441627	0.88656915	7.07247644	3.55430661	7.55921937	0.99144734	0.37148031	2.76514766	2.65202974	6.98920798	3.09873640	2.47668756	5.59680249	6.51329149	3.59137010	6.72069985	5.22480894	1.88254077	1.53570579	0.68204106	1.63675955	4.59258187	1.85533334	3.66593155	0.69997176	5.73044466	3.67555057	2.26798969	5.37563498	7.29069499	2.42588811
2.05309503	4.47054879	4.92355860	5.50155011	1.07235861	4.97722464	3.08453073	1.75438435	2.05684131	5.29239132	6.41908670	3.74741161	3.21873615	5.53715595	5.43371658	4.92508621	1.35522906	0.69962872	3.50186462	5.47845449	1.78999752	2.21216840	2.54625138	0.00000000	2.43754836	2.52891438	1.38385047	2.47263881	5.16260574	1.78546853	5.81547026	2.15028617	2.56721955	1.29863409	1.73259448	4.87311821	0.57339759	2.69506388	5.77200493	5.71037236	2.93161031	5.14503834	5.32801276	2.14929237	1.73717085	1.86564396	0.98847441	2.38717361	0.72264934	1.26630181	1.84635540	3.89744521	1.13032635	1.35642319	3.35487266	5.12382954	0.93100059
3.93290168	6.15222071	5.92901355	6.62800760	3.03567554	7.19569010	4.96521760	1.34551468	3.80236152	7.57874279	7.87588296	5.52836659	5.35393725	7.49910501	6.30430202	6.96579681	3.69479793	1.77614920	5.57351761	7.71342337	0.77456161	2.62491316	1.21446475	2.43754836	0.00000000	3.24526342	1.55613966	2.01224872	7.47923006	3.93787274	8.06014771	1.97413817	0.86906031	2.05261639	3.27024224	7.26702768	2.87018432	3.45330243	6.69262353	7.37487636	4.39937984	7.29236484	6.29940588	0.78010991	2.29802579	1.21967811	1.89484714	4.78470747	1.96705983	3.69957290	1.17915224	6.16108694	3.49381690	2.80384465	5.69678838	7.53412501	1.88094959
1.64635483	3.07708425	2.70031539	3.38748928	3.57360920	4.69105739	2.25775929	3.61955540	1.40477568	5.19721763	4.64858166	2.59977698	2.95225184	4.58549000	3.12100628	4.18480908	3.49710583	2.71291006	3.01461958	5.20000983	2.54724944	0.62349922	2.28360735	2.52891438	3.24526342	0.00000000	3.40390131	1.42991889	5.19053961	2.11475981	5.54273457	1.30566090	2.61725960	3.61030535	1.08761014	5.29628995	3.01014931	0.21032911	3.49812469	4.23251978	1.38305297	4.64573516	3.08398406	3.58686527	1.01263790	2.02682700	1.81392315	3.28005591	2.01929625	2.87942252	2.06949690	3.88407773	3.29172784	1.20885923	3.73093385	5.63452295	3.16151701
3.37826245	5.78704493	6.02723492	6.65976275	1.55874225	6.35397030	4.43139078	0.38449275	3.33986991	6.65272683	7.69320049	5.07995024	4.60216775	6.91273809	6.49530981	6.30640140	2.32814965	0.76628542	4.88223706	6.85114702	1.34333870	2.89483216	2.31441627	1.38385047	1.55613966	3.40390131	0.00000000	2.71989257	6.51215306	3.16420825	7.18530125	2.49186031	2.13158459	0.49663334	2.91494133	6.17039992	1.57349497	3.60430469	6.85865609	7.03331119	4.15193944	6.52807687	6.42647760	0.93833078	2.41163192	1.80603413	1.59434038	3.70922949	1.43252792	2.55688091	1.75966612	5.26964680	2.16466453	2.45263130	4.70428982	6.39717149	0.47700275
2.73384475	4.50528078	3.98706184	4.70171678	3.50960270	5.99534516	3.57821176	2.79722918	2.52144185	6.46899103	6.03914842	3.99861660	4.18035368	5.99629802	4.32398332	5.56337005	3.76859276	2.26156332	4.30418924	6.51335098	1.49024894	0.85922278	0.88656915	2.47263881	2.01224872	1.42991889	2.71989257	0.00000000	6.43139196	3.01764632	6.86088418	0.33343983	1.24816882	3.08905216	2.00735438	6.42634211	3.04534796	1.61217777	4.71555164	5.65977269	2.78415883	5.99230235	4.33983361	2.55196077	0.93199736	0.93664978	1.48523101	4.14061072	1.75522711	3.37370763	0.98660245	5.09413870	3.53959752	1.73019097	4.81447479	6.74511649	2.67651661
3.70400833	2.96257171	4.74805677	4.62827210	5.23558201	0.71568123	2.94660875	6.89457143	3.91008888	0.26324164	4.10259262	2.85057957	2.25329766	2.01942720	5.20421629	1.62208376	4.39841377	5.85906893	2.18307686	0.65930481	6.72657631	5.59931710	7.07247644	5.16260574	7.47923006	5.19053961	6.51215306	6.43139196	0.00000000	3.55293223	0.82671740	6.16229095	7.28194974	6.26632709	4.43559941	0.81041349	4.96867052	5.10688580	5.22122905	3.16631561	3.88989874	1.09311405	4.94033216	7.30869736	5.55508871	6.49631633	5.60444181	2.80998482	5.51229699	3.96187012	6.50952107	1.34220341	4.47065389	4.80642756	1.80872097	1.03407170	6.03613305
0.56880102	2.77131658	3.61321582	4.06279572	2.36212071	3.26369916	1.35481441	3.52546052	0.77409675	3.64258144	4.76255550	2.03189313	1.44770454	3.75176622	4.16954087	3.14257951	1.83876798	2.43068285	1.71811924	3.77878335	3.17767892	2.27927068	3.55430661	1.78546853	3.93787274	2.11475981	3.16420825	3.01764632	3.55293223	0.00000000	4.12430541	2.71252043	3.73996017	3.06016899	1.06336111	3.43580326	1.85760521	2.14922961	4.44748553	3.98535450	1.57752166	3.39140689	4.00396540	3.84472991	2.09209403	2.95135083	2.05276098	1.16974853	1.97848543	1.08816217	2.96212654	2.22453081	1.71960721	1.29941264	1.82136617	3.74248585	2.71637429
4.18365628	2.93062795	4.67629671	4.43297626	5.97356416	0.87084647	3.29099295	7.56408230	4.36550093	0.58891717	3.65872610	3.02583725	2.72063900	1.61194860	5.07107038	1.50402605	5.14824536	6.50337425	2.55768354	0.34931639	7.29521153	6.00974383	7.55921937	5.81547026	8.06014771	5.54273457	7.18530125	6.86088418	0.82671740	4.12430541	0.00000000	6.61444854	7.79505458	6.96940155	4.90728448	1.60066513	5.66960303	5.43261613	5.02603389	2.79738501	4.18280850	0.93751042	4.80506207	7.94530277	6.02550404	7.01951376	6.16841414	3.52267768	6.10259091	4.65987714	7.03723649	1.91834544	5.20368513	5.31666215	2.50549855	1.74150969	6.71274056
2.45852408	4.34525944	3.95854730	4.66269168	3.19640377	5.74604953	3.34683919	2.60553648	2.25581559	6.20821798	5.95335604	3.80315500	3.91704502	5.80452479	4.33068237	5.34807679	3.43739532	1.97986068	4.05703233	6.26591424	1.35284893	0.68681088	0.99144734	2.15028617	1.97413817	1.30566090	2.49186031	0.33343983	6.16229095	2.71252043	6.61444854	0.00000000	1.31259423	2.83243120	1.72733330	6.13415371	2.72179464	1.50611066	4.71861361	5.52600289	2.60065879	5.75945137	4.32604361	2.42666878	0.62048090	0.79113417	1.16667160	3.82328188	1.43800521	3.04113604	0.84018682	4.82183663	3.20856889	1.41695531	4.51977729	6.44904194	2.40779510
3.61184061	5.64708628	5.23336271	5.94607396	3.39822483	6.92425738	4.58038262	2.04062108	3.44057549	7.35318809	7.26181422	5.08019261	5.07529851	7.07866092	5.57111753	6.59375093	3.91489980	2.04225540	5.25317909	7.44577809	0.83415958	1.99926282	0.37148031	2.56721955	0.86906031	2.61725960	2.13158459	1.24816882	7.28194974	3.73996017	7.79505458	1.31259423	0.00000000	2.60630571	2.89528606	7.16278530	3.09468325	2.81515762	5.96298899	6.83640074	3.89419792	6.97334089	5.58789167	1.58568370	1.80109456	0.78933507	1.73985988	4.73120715	1.92147826	3.74944043	0.78293223	5.94243199	3.69408239	2.48054243	5.55565972	7.45540791	2.31038566
3.35168615	5.76914111	6.15555077	6.75982075	1.14176722	6.15758976	4.37959368	0.79252285	3.34894744	6.42157685	7.71475878	5.04494340	4.46483150	6.80436207	6.64595566	6.17810518	1.96301436	0.89955044	4.76259367	6.64256462	1.79642759	3.15423547	2.76514766	1.29863409	2.05261639	3.61030535	0.49663334	3.08905216	6.26632709	3.06016899	6.96940155	2.83243120	2.60630571	0.00000000	2.98302759	5.87602879	1.29993553	3.80108880	6.99784193	7.00833915	4.20733285	6.35897960	6.55857799	1.40569129	2.65881689	2.20936952	1.80844477	3.45684723	1.59130260	2.30976927	2.16632199	5.06661722	1.82925354	2.55258139	4.46875516	6.08485375	0.44895556
0.73162719	2.92314764	3.19096419	3.77769939	2.67593954	4.03673492	1.69959369	3.21590748	0.54535679	4.48594142	4.78246380	2.26474341	2.19561516	4.22939129	3.70388635	3.71078270	2.46519072	2.15248756	2.35842001	4.55803553	2.49739295	1.22376182	2.65202974	1.73259448	3.27024224	1.08761014	2.91494133	2.00735438	4.43559941	1.06336111	4.90728448	1.72733330	2.89528606	2.98302759	0.00000000	4.42098903	2.10273797	1.16670883	4.03955679	4.16620127	1.23700336	4.07809586	3.59542023	3.37137628	1.12129581	2.13549809	1.43043514	2.23145401	1.49973757	1.80726784	2.15918991	3.09465341	2.27462548	0.48182065	2.81264666	4.74301148	2.55712326
3.70548914	3.48600565	5.24663995	5.21411493	4.79170687	1.41501653	3.14635797	6.55487786	3.93363062	1.07336754	4.83156887	3.21933791	2.36916317	2.77342828	5.73906232	2.28501904	3.94298564	5.57199270	2.41458740	1.46971441	6.53963582	5.63066858	6.98920798	4.87311821	7.26702768	5.29628995	6.17039992	6.42634211	0.81041349	3.43580326	1.60066513	6.13415371	7.16278530	5.87602879	4.42098903	0.00000000	4.60004741	5.24322585	5.79812958	3.87531990	4.09672357	1.83056535	5.48081838	7.01688310	5.51512133	6.37361989	5.44045774	2.48750581	5.31247401	3.62135913	6.38070044	1.46368703	4.04941622	4.73211035	1.61557255	0.35462873	5.69415570
2.25439321	4.62484188	5.26034278	5.79734805	0.57347395	4.86073930	3.21063812	1.95736267	2.31615679	5.12194212	6.60825862	3.88707725	3.20264711	5.55277685	5.78914417	4.91363719	0.82908111	1.09652482	3.51269260	5.34341638	2.28975034	2.74824464	3.09873640	0.57339759	2.87018432	3.01014931	1.57349497	3.04534796	4.96867052	1.85760521	5.66960303	2.72179464	3.09468325	1.29993553	2.10273797	4.60004741	0.00000000	3.16054615	6.11054913	5.84295971	3.22081187	5.07078695	5.66368310	2.45938789	2.28697839	2.42198763	1.56181062	2.15868598	1.29569360	1.00983584	2.39956588	3.76924223	0.62378742	1.80563237	3.16902128	4.82380663	1.10052817
1.64772170	2.90815869	2.48998696	3.17781981	3.72808753	4.58801778	2.16268914	3.82478320	1.40718206	5.10381144	4.44741233	2.46076793	2.88460725	4.43325657	2.91249109	4.05223538	3.61415504	2.90568104	2.92492506	5.09237481	2.75745574	0.82920282	2.47668756	2.69506388	3.45330243	0.21032911	3.60430469	1.61217777	5.10688580	2.14922961	5.43261613	1.50611066	2.81515762	3.80108880	1.16670883	5.24322585	3.16054615	0.00000000	3.28876953	4.04789620	1.25331519	4.52659017	2.87385359	3.79690977	1.22103539	2.23552422	2.01178982	3.30290614	2.20991072	2.97340211	2.27849929	3.81523294	3.41415194	1.35494357	3.69815930	5.58521918	3.35275533
3.91932733	2.32211351	0.85033812	0.59508006	6.67592894	4.50716226	3.30557732	7.10180366	3.80840237	5.05874286	1.91788858	2.80204709	3.93480755	3.43864753	0.39311721	3.60807067	6.28036183	6.12631845	3.67707226	4.80438016	6.03313468	4.09190350	5.59680249	5.77200493	6.69262353	3.49812469	6.85865609	4.71555164	5.22122905	4.44748553	5.02603389	4.71861361	5.96298899	6.99784193	4.03955679	5.79812958	6.11054913	3.28876953	0.00000000	2.32298638	2.90304368	4.17783936	0.44719920	7.08358687	4.50954544	5.49271697	5.26801948	5.18521330	5.43260861	5.53261129	5.53863328	4.49266878	6.14094897	4.44600667	4.87686660	6.13575037	6.55838221
3.66065378	1.24698124	2.23269822	1.76069239	6.33489238	2.46988717	2.63520767	7.35942213	3.69621272	2.95575511	0.97058200	1.96378464	2.80586136	1.18722961	2.46338348	1.59709386	5.69615640	6.26824307	2.46955965	2.63500871	6.61815608	4.83979564	6.51329149	5.71037236	7.37487636	4.23251978	7.03331119	5.65977269	3.16631561	3.98535450	2.79738501	5.52600289	6.83640074	7.00833915	4.16620127	3.87531990	5.84295971	4.04789620	2.32298638	0.00000000	2.97630038	2.07320716	2.21226065	7.53695035	5.08259866	6.17252370	5.59533586	4.19431712	5.65661930	4.98224487	6.20744812	2.89319149	5.63493163	4.64788766	3.48919182	4.17354837	6.62549519
1.02471250	1.75737358	2.05712342	2.57836113	3.78048268	3.34476232	0.95339788	4.45041920	0.90706384	3.87125480	3.54894644	1.21777987	1.73190720	3.21215040	2.60481763	2.80237332	3.38755353	3.38903599	1.71142036	3.84446435	3.64194385	1.92954121	3.59137010	2.93161031	4.39937984	1.38305297	4.15193944	2.78415883	3.88989874	1.57752166	4.18280850	2.60065879	3.89419792	4.20733285	1.23700336	4.09672357	3.22081187	1.25331519	2.90304368	2.97630038	0.00000000	3.27352711	2.45612003	4.57814427	2.11339062	3.20292308	2.64105510	2.52401467	2.73315963	2.64582464	3.23629837	2.64011693	3.24077573	1.70732760	2.64387329	4.44679552	3.78821825
3.37076263	2.00598744	3.77181152	3.58279223	5.43744592	0.41951184	2.41436276	6.89893486	3.53277164	0.89128080	3.01295981	2.09654827	1.94607651	0.94297027	4.19193196	0.58206003	4.65049958	5.81450128	1.72318381	0.64296426	6.52056655	5.13577834	6.72069985	5.14503834	7.29236484	4.64573516	6.52807687	5.99230235	1.09311405	3.39140689	0.93751042	5.75945137	6.97334089	6.35897960	4.07809586	1.83056535	5.07078695	4.52659017	4.17783936	2.07320716	3.27352711	0.00000000	3.92599637	7.23613322	5.18517219	6.20920935	5.39803164	2.99885789	5.35779502	4.07471499	6.23026154	1.34538432	4.66986834	4.51034847	2.02213229	2.10922803	6.06456822
3.47340604	1.99512261	0.40448620	0.48896470	6.22884712	4.23180909	2.88326852	6.67506195	3.36126460	4.79289901	2.00222581	2.40977420	3.53679582	3.25283261	0.26615016	3.34733720	5.83528453	5.69038058	3.29252771	4.56259388	5.62704316	3.68653999	5.22480894	5.32801276	6.29940588	3.08398406	6.42647760	4.33983361	4.94033216	4.00396540	4.80506207	4.32604361	5.58789167	6.55857799	3.59542023	5.48081838	5.66368310	2.87385359	0.44719920	2.21226065	2.45612003	3.92599637	0.00000000	6.67073826	4.09225494	5.09254308	4.83842370	4.76144499	4.99812648	5.08811026	5.13765881	4.13817039	5.69475541	4.00609584	4.49050284	5.82387161	6.12037738
3.95245142	6.29451943	6.28476828	6.95958099	2.49618045	7.09610338	5.01169473	0.62498736	3.86509986	7.43264483	8.11661191	5.62395972	5.29135232	7.53869551	6.70337589	6.96425321	3.24665514	1.45035226	5.54514823	7.60444809	1.07390279	2.99607650	1.88254077	2.14929237	0.78010991	3.58686527	0.93833078	2.55196077	7.30869736	3.84472991	7.94530277	2.42666878	1.58568370	1.40569129	3.37137628	7.01688310	2.45938789	3.79690977	7.08358687	7.53695035	4.57814427	7.23613322	6.67073826	0.00000000	2.58064690	1.63719843	1.94162592	4.53441216	1.90415770	3.39690485	1.58749014	6.02791299	3.07053147	2.88955591	5.50248865	7.25906507	1.37091628
1.85226643	3.87073410	3.70451356	4.38030332	2.80921105	5.15542953	2.78249802	2.61118320	1.66002873	5.60722312	5.58197897	3.28233788	3.31682909	5.27866664	4.13345778	4.79446431	2.93511016	1.76109705	3.47178592	5.67640453	1.56290073	0.49711122	1.53570579	1.73717085	2.29802579	1.01263790	2.41163192	0.93199736	5.55508871	2.09209403	6.02550404	0.62048090	1.80109456	2.65881689	1.12129581	5.51512133	2.28697839	1.22103539	4.50954544	5.08259866	2.11339062	5.18517219	4.09225494	2.58064690	0.00000000	1.09013617	0.85293977	3.20862962	1.09862027	2.47418102	1.12490653	4.21336716	2.70987000	0.79863453	3.90030590	5.82907940	2.21187413
2.84043939	4.96002544	4.71758568	5.41245245	2.79924445	6.14911131	3.83217403	1.86186746	2.67982295	6.57087316	6.65767336	4.36056585	4.29887584	6.34988213	5.10703869	5.84535154	3.22039287	1.46184203	4.48656803	6.67041783	0.56371775	1.40894324	0.68204106	1.86564396	1.21967811	2.02682700	1.80603413	0.93664978	6.49631633	2.95135083	7.01951376	0.79113417	0.78933507	2.20936952	2.13549809	6.37361989	2.42198763	2.23552422	5.49271697	6.17252370	3.20292308	6.20920935	5.09254308	1.63719843	1.09013617	0.00000000	0.96521257	3.94756169	1.17424222	2.99189213	0.05029817	5.15804990	2.99417090	1.70301177	4.76634467	6.66704654	1.82784862
2.04738563	4.35336925	4.44117593	5.08669756	2.03045969	5.30253933	3.09493432	1.83995215	1.93637320	5.69493370	6.18687672	3.68982457	3.45917368	5.63063204	4.90243516	5.08093265	2.31215688	0.90931771	3.68087554	5.82109176	1.12680192	1.34994530	1.63675955	0.98847441	1.89484714	1.81392315	1.59434038	1.48523101	5.60444181	2.05276098	6.16841414	1.16667160	1.73985988	1.80844477	1.43043514	5.44045774	1.56181062	2.01178982	5.26801948	5.59533586	2.64105510	5.39803164	4.83842370	1.94162592	0.85293977	0.96521257	0.00000000	2.99289748	0.27151026	2.02919512	0.96144582	4.27697286	2.08296735	0.94883234	3.84408633	5.72605091	1.36043226
1.66326053	3.13676891	4.40121743	4.71600883	2.45562122	2.74179136	1.87964172	4.09295372	1.89933348	2.96655235	5.09279483	2.45066868	1.39245781	3.62492760	4.96453738	2.95448282	1.65192668	3.08664880	1.72646977	3.20459493	4.06870629	3.43837131	4.59258187	2.38717361	4.78470747	3.28005591	3.70922949	4.14061072	2.80998482	1.16974853	3.52267768	3.82328188	4.73120715	3.45684723	2.23145401	2.48750581	2.15868598	3.30290614	5.18521330	4.19431712	2.52401467	2.99885789	4.76144499	4.53441216	3.20862962	3.94756169	2.99289748	0.00000000	2.84302390	1.15333785	3.94927661	1.65852136	1.68469521	2.41078585	1.01723330	2.74953892	3.23235088
2.04829493	4.41046117	4.59774847	5.22723730	1.75895228	5.24196222	3.10785420	1.71727982	1.96735065	5.61403835	6.28137119	3.72661446	3.41226965	5.63508118	5.07330906	5.06635226	2.06107937	0.69744801	3.65252798	5.75725685	1.22728653	1.59423499	1.85533334	0.72264934	1.96705983	2.01929625	1.43252792	1.75522711	5.51229699	1.97848543	6.10259091	1.43800521	1.92147826	1.59130260	1.49973757	5.31247401	1.29569360	2.20991072	5.43260861	5.65661930	2.73315963	5.35779502	4.99812648	1.90415770	1.09862027	1.17424222	0.27151026	2.84302390	0.00000000	1.82796223	1.16213647	4.19721944	1.83268076	1.02639018	3.73182015	5.58877476	1.14284482
1.62112585	3.80377407	4.69491065	5.15072085	1.38090428	3.85447095	2.39565003	2.94094035	1.77277374	4.11255824	5.80253700	3.06541254	2.25087997	4.59806430	5.24827011	3.94640368	0.75079229	1.95861448	2.57494146	4.33439119	3.02184369	2.82997266	3.66593155	1.26630181	3.69957290	2.87942252	2.55688091	3.37370763	3.96187012	1.08816217	4.65987714	3.04113604	3.74944043	2.30976927	1.80726784	3.62135913	1.00983584	2.97340211	5.53261129	4.98224487	2.64582464	4.07471499	5.08811026	3.39690485	2.47418102	2.99189213	2.02919512	1.15333785	1.82796223	0.00000000	2.98427107	2.76278971	0.65314306	1.74773275	2.15959943	3.86295878	2.07988798
2.86042807	4.99303091	4.76199911	5.45589501	2.76960547	6.16705506	3.85719145	1.81244811	2.70279975	6.58593907	6.69701576	4.38992136	4.31667742	6.37745139	5.15324684	5.86978980	3.20154579	1.42788982	4.50731066	6.68823401	0.51381392	1.45292669	0.69997176	1.84635540	1.17915224	2.06949690	1.75966612	0.98660245	6.50952107	2.96212654	7.03723649	0.84018682	0.78293223	2.16632199	2.15918991	6.38070044	2.39956588	2.27849929	5.53863328	6.20744812	3.23629837	6.23026154	5.13765881	1.58749014	1.12490653	0.05029817	0.96144582	3.94927661	1.16213647	2.98427107	0.00000000	5.17215937	2.97592447	1.72177732	4.77496335	6.67259474	1.78823865
2.36331981	2.17859380	3.86741109	3.93073629	4.10851149	1.09168856	1.68722981	5.64743931	2.57305277	1.41805137	3.85732884	1.78718852	0.93185559	2.07152195	4.38712710	1.40646767	3.31009807	4.58507424	0.95174664	1.58154579	5.40220900	4.26818887	5.73044466	3.89744521	6.16108694	3.88407773	5.26964680	5.09413870	1.34220341	2.22453081	1.91834544	4.82183663	5.94243199	5.06661722	3.09465341	1.46368703	3.76924223	3.81523294	4.49266878	2.89319149	2.64011693	1.34538432	4.13817039	6.02791299	4.21336716	5.15804990	4.27697286	1.65852136	4.19721944	2.76278971	5.17215937	0.00000000	3.33842223	3.46508928	0.68197350	1.81720260	4.79841215
2.22185668	4.45610704	5.29748016	5.77652902	0.77092656	4.42549207	3.04589983	2.54436136	2.34455913	4.64066182	6.45473425	3.71725468	2.89044673	5.22967403	5.84485658	4.57193015	0.22940238	1.71911585	3.21832185	4.88851463	2.90115681	3.13148482	3.67555057	1.13032635	3.49381690	3.29172784	2.16466453	3.53959752	4.47065389	1.71960721	5.20368513	3.20856889	3.69408239	1.82925354	2.27462548	4.04941622	0.62378742	3.41415194	6.14094897	5.63493163	3.24077573	4.66986834	5.69475541	3.07053147	2.70987000	2.99417090	2.08296735	1.68469521	1.83268076	0.65314306	2.97592447	3.33842223	0.00000000	2.09468597	2.70029611	4.25561475	1.70190592
1.13959008	3.40496590	3.60297423	4.21462483	2.37352640	4.44616943	2.16162607	2.74354320	0.99871352	4.87318950	5.25614112	2.74294558	2.59608000	4.69682507	4.09756241	4.16412541	2.30665416	1.69670920	2.78716643	4.96752321	2.02945963	1.08408532	2.26798969	1.35642319	2.80384465	1.20885923	2.45263130	1.73019097	4.80642756	1.29941264	5.31666215	1.41695531	2.48054243	2.55258139	0.48182065	4.73211035	1.80563237	1.35494357	4.44600667	4.64788766	1.70732760	4.51034847	4.00609584	2.88955591	0.79863453	1.70301177	0.94883234	2.41078585	1.02639018	1.74773275	1.72177732	3.46508928	2.09468597	0.00000000	3.11656879	5.04141965	2.11655542
2.10816293	2.62412092	4.17964306	4.34396280	3.47098014	1.73528315	1.74959523	5.08635177	2.34255167	1.95296264	4.43839100	2.08091803	0.97493470	2.74216552	4.72479612	2.07149273	2.65556126	4.05230952	1.19979508	2.18823653	4.95529506	4.02940173	5.37563498	3.35487266	5.69678838	3.73093385	4.70428982	4.81447479	1.80872097	1.82136617	2.50549855	4.51977729	5.55565972	4.46875516	2.81264666	1.61557255	3.16902128	3.69815930	4.87686660	3.48919182	2.64387329	2.02213229	4.49050284	5.50248865	3.90030590	4.76634467	3.84408633	1.01723330	3.73182015	2.15959943	4.77496335	0.68197350	2.70029611	3.11656879	0.00000000	1.93077235	4.22865722
4.03308267	3.82875420	5.59445932	5.54959629	4.98275727	1.70375039	3.49759002	6.78116554	4.26376363	1.28412072	5.12150131	3.57327502	2.71722310	3.04667309	6.08306641	2.59453508	4.13490088	5.82039092	2.76852264	1.67452060	6.81574726	5.95737195	7.29069499	5.12382954	7.53412501	5.63452295	6.39717149	6.74511649	1.03407170	3.74248585	1.74150969	6.44904194	7.45540791	6.08485375	4.74301148	0.35462873	4.82380663	5.58521918	6.13575037	4.17354837	4.44679552	2.10922803	5.82387161	7.25906507	5.82907940	6.66704654	5.72605091	2.74953892	5.58877476	3.86295878	6.67259474	1.81720260	4.25561475	5.04141965	1.93077235	0.00000000	5.92262020
2.96485930	5.38195565	5.71795710	6.32939245	1.15588392	5.88442919	4.00786477	0.86127868	2.94578322	6.17807110	7.31148461	4.66538096	4.14592982	6.46811770	6.20423859	5.85450307	1.87575366	0.45112670	4.43200483	6.37963330	1.47875463	2.70792143	2.42588811	0.93100059	1.88094959	3.16151701	0.47700275	2.67651661	6.03613305	2.71637429	6.71274056	2.40779510	2.31038566	0.44895556	2.55712326	5.69415570	1.10052817	3.35275533	6.55838221	6.62549519	3.78821825	6.06456822	6.12037738	1.37091628	2.21187413	1.82784862	1.36043226	3.23235088	1.14284482	2.07988798	1.78823865	4.79841215	1.70190592	2.11655542	4.22865722	5.92262020	0.00000000

EDGE_KM_T
0.00000000	3.16235741	4.23963094	5.02741932	3.95475510	4.26327266	1.19881267	4.45633882	0.32550007	5.03179446	5.97339799	2.13184830	1.93305601	3.69762823	4.95410602	3.28060575	3.23573620	3.18606160	1.98169788	4.93345146	3.53888157	2.72069200	4.46298571	2.72333573	4.38252630	2.24033987	4.17961492	3.81372771	5.06692211	0.66399247	5.38393462	3.37909058	4.60267827	4.43935086	0.99804676	5.23634233	3.17112074	2.14301723	5.43923508	4.71394402	1.38282503	4.05921207	4.81157465	4.24171307	2.50269545	3.52363700	2.15842316	2.01361529	2.19958892	2.18309916	3.51650299	3.25052614	3.09417656	1.37512611	2.97758262	5.70313720	3.81044121
3.16260887	0.00000000	2.28374369	1.86553446	7.11788202	2.96223216	1.96375613	7.61917388	3.05795135	3.73089080	2.81138079	1.03062348	2.41101569	2.17385491	2.63738054	1.97932120	6.39889586	6.34884675	1.93719364	3.63245991	5.88859080	4.02239959	5.76471206	5.88617653	6.58725847	3.54208248	7.34247584	5.11551127	3.76607328	3.82675243	4.08297656	4.68079065	5.90435505	7.60233510	3.43542036	3.93566953	6.33411345	3.44478467	2.36589324	1.55168305	1.77953840	2.75806873	2.28902937	7.40440322	3.93606378	5.09127751	5.09254995	4.37876428	5.36224032	5.34609769	5.16207599	2.38583642	6.25727763	4.00299986	3.31090522	4.40255221	6.97332855
