NAME: multi_modal_data
TYPE: MM

VEHICLES: 2
DIMENSION: 30

NUM_T: 1
NUM_D: 1

MAXIMUM_SYSTEM_DURATION: 300
UNIT: MIN

SERVICETIME: 5
UNIT: MIN

TAKEOFF_LANDING_TIME: 2
UNIT: MIN

MAX_WAITING_TIME: 99999999
UNIT: MIN

INIT_SOC: 100
MAX_SOC: 100
MIN_SOC_T: 3
MIN_SOC_D: 3
UNIT: %

DEMAND_T: 31
DEMAND_D: 0
UNIT: EA

MASS_T: 1940
MASS_D: 15
UNIT: KG

LIFT_TO_DRAG: 3
POWER_MOTOR_PROP: 0.5
UNIT: RATIO

POWER_ELEC: 0.1
UNIT: KW

CARGO_LIMIT_TRUCK: 99999999999999
UNIT: KG

CARGO_LIMIT_DRONE: 6
UNIT: KG

BATTERY_KWH_T: 100
BATTERY_KWH_D: 0.3
UNIT: KWH 

ENERGY_KWH/KM_T: 1.0
ENERGY_KWH/KM_D: 0.1
UNIT: KWH/KM

CHARGING_KW_D: 0.5
CHARGING_KW_T: 80
UNIT: KW 

LOSISTIC_KWH/KG_T: 0.001
LOSISTIC_KWH/KG_D: 0.001
UNIT: KWH/KG

SPEED_T: 0.3
SPEED_D: 1.0
UNIT: KM/MIN

ALTITUDE: 100
UNIT: M

CURVY_AIR: 1.0
UNIT: RATIO

CURVY_ROAD: 1.2
UNIT: RATIO

DEPOT_SECTION
0

EDGE_KM_D_TYPE: EUC_2D(haversine)
EDGE_KM_T_TYPE: MAN_2D(haversine)
EDGE_KM_D_FORMAT : FULL_MATRIX
EDGE_KM_T_FORMAT : FULL_MATRIX

NODE_COORD_SECTION
0	37.59583622	126.97723799
1	37.57238465	126.96409545
2	37.60969308	126.95210860
3	37.59895090	126.96127868
4	37.61594840	126.95165534
5	37.59458359	126.96295508
6	37.60137418	126.97596834
7	37.59025825	126.96757427
8	37.57270410	127.00684113
9	37.57818950	127.01646936
10	37.57753316	126.97446860
11	37.61237747	126.97340839
12	37.62249080	126.96171246
13	37.58063882	126.99334237
14	37.57931974	126.95950879
15	37.62526120	126.97904499
16	37.57962237	126.99668860
17	37.61232559	126.96957733
18	37.57683702	126.99180787
19	37.59592862	126.97969083
20	37.59182608	126.99558144
21	37.62087951	126.96967586
22	37.61250662	126.97705624
23	37.60621254	126.95486112
24	37.57439051	126.99987062
25	37.58907943	126.97224270
26	37.57626772	127.01928151
27	37.61826154	126.95955337
28	37.57179002	126.99150375
29	37.62161481	126.96207869

EDGE_KM_D
0.00000000	2.85328927	2.69721186	1.44807098	3.17492987	1.26607209	0.62587155	1.05340060	3.66341707	3.97492812	2.04978634	1.86999025	3.26417153	2.20663497	2.41108413	3.27578290	2.48751878	1.95378939	2.47211500	0.21634779	1.67655345	2.86325845	1.85373664	2.28417390	3.10867164	0.87074190	4.29642206	2.94021267	2.95457670	3.16223584
2.85328927	0.00000000	4.28084348	2.96444489	4.96652437	2.47045690	3.38900892	2.01095956	3.76739561	4.66052016	1.07863277	4.52207279	5.57551094	2.73597182	0.87066344	6.02531936	2.98295855	4.46742246	2.49193660	2.95673512	3.51730352	5.41475676	4.60519529	3.84848872	3.16075270	1.99037376	4.88262705	5.11695623	2.41644615	5.47703434
2.69721186	4.28084348	0.00000000	1.44199752	0.69670566	1.93281730	2.29640120	2.55471903	6.33818431	6.66532597	4.08277711	1.89980074	1.65547790	4.86160050	3.43972297	2.93691595	5.15823876	1.56634006	5.05786162	2.87172459	4.31449906	1.98531485	2.21968455	0.45669912	5.75486421	2.89832035	6.98867926	1.15662505	5.46000164	1.59012372
1.44807098	2.96444489	1.44199752	0.00000000	2.07144171	0.50758675	1.32189174	1.11442339	4.96346690	5.38312121	2.64999464	1.83595006	2.61779954	3.48248145	2.18845172	3.31783261	3.78863164	1.65716333	3.64453910	1.65658784	3.12433040	2.54807776	2.05031628	0.98570763	4.36139827	1.46218940	5.69932675	2.15261978	4.02673276	2.52110043
3.17492987	4.96652437	0.69670566	2.07144171	0.00000000	2.57577826	2.68572843	3.18228402	6.83833668	7.08768631	4.72082227	1.95676102	1.14623556	5.37623123	4.13127750	2.62519502	5.66186560	1.62919291	5.60607261	3.32489190	4.70836264	1.67923463	2.26985426	1.11880244	6.27688414	3.49509469	7.41398646	0.74167416	6.03624863	1.11347049
1.26607209	2.47045690	1.93281730	0.50758675	2.57577826	0.00000000	1.37279594	0.63004476	4.56878942	5.05550445	2.15029490	2.18239505	3.10507440	3.09410359	1.72421591	3.69392118	3.40627950	2.05727269	3.21834428	1.48205751	2.89090901	2.98331132	2.34840596	1.47665861	3.95259158	1.02187537	5.36486805	2.64986985	3.57105627	3.00673039
0.62587155	3.38900892	2.29640120	1.32189174	2.68572843	1.37279594	0.00000000	1.44038873	4.19086412	4.40237980	2.65429543	1.24412006	2.66275098	2.76758184	2.84907565	2.66990787	3.03036671	1.34158598	3.06464687	0.68862650	2.02807377	2.23860128	1.24157680	1.93569134	3.66583997	1.40596928	4.72849306	2.36999177	3.56306473	2.56170733
1.05340060	2.01095956	2.55471903	1.11442339	3.18228402	0.63004476	1.44038873	0.00000000	3.97280443	4.51266692	1.53987136	2.51267695	3.62110751	2.50991067	1.40872465	4.02117991	2.82493083	2.46011710	2.60522673	1.23984719	2.47384300	3.40996346	2.61113247	2.09802228	3.34851462	0.43171999	4.81462442	3.19299159	2.94342716	3.52014378
3.66341707	3.76739561	6.33818431	4.96346690	6.83833668	4.56878942	4.19086412	3.97280443	0.00000000	1.04499508	2.90302430	5.30454510	6.81582817	1.48107876	4.23563132	6.33641852	1.17995577	5.49453130	1.40230077	3.52032520	2.34637735	6.27833023	5.14537653	5.90418976	0.64229401	3.55120564	1.16577009	6.55892799	1.35552302	6.71797443
3.97492812	4.66052016	6.66532597	5.38312121	7.08768631	5.05550445	4.40237980	4.51266692	1.04499508	0.00000000	3.70203241	5.37075529	6.89472300	2.05613859	5.02115821	6.18596773	1.75041928	5.61036762	2.17849840	3.79380234	2.38472770	6.28713165	5.15936549	6.25896840	1.52256695	4.08095788	0.32723206	6.70804958	2.31238811	6.80272504
2.04978634	1.07863277	4.08277711	2.64999464	4.72082227	2.15029490	2.65429543	1.53987136	2.90302430	3.70203241	0.00000000	3.87564164	5.12382689	1.69869459	1.33320638	5.32241440	1.97184921	3.89267460	1.52999513	2.09660415	2.44682566	4.83836032	3.89555367	3.62688497	2.26571815	1.29878473	3.95169110	4.71558171	1.63146529	5.02172844
1.86999025	4.52207279	1.89980074	1.83595006	1.95676102	2.18239505	1.24412006	2.51267695	5.30454510	5.37075529	3.87564164	0.00000000	1.52506892	3.94201805	3.87447842	1.51618838	4.18001690	0.33750450	4.27148996	1.91093039	3.00629744	1.00091669	0.32163800	1.77177327	4.82470134	2.59266195	5.69711848	1.38468580	4.78646407	1.43207613
3.26417153	5.57551094	1.65547790	2.61779954	1.14623556	3.10507440	2.66275098	3.62110751	6.81582817	6.89472300	5.12382689	1.52506892	0.00000000	5.42418615	4.80433299	1.55725717	5.67595330	1.32570344	5.72716427	3.35136956	4.53077564	0.72388399	1.74898209	1.90801220	6.31727909	3.82923625	7.22083775	0.50726488	6.21870672	0.10260679
2.20663497	2.73597182	4.86160050	3.48248145	5.37623123	3.09410359	2.76758184	2.50991067	1.48107876	2.05613859	1.69869459	3.94201805	5.42418615	0.00000000	2.98510274	5.11915678	0.31579588	4.09857363	0.44384288	2.08264635	1.25951662	4.93648048	3.82302238	4.42511048	0.90205132	2.08269749	2.33696938	5.13445443	0.99719501	5.32409736
2.41108413	0.87066344	3.43972297	2.18845172	4.13127750	1.72421591	2.84907565	1.40872465	4.23563132	5.02115821	1.33320638	3.87447842	4.80433299	2.98510274	0.00000000	5.39058965	3.27657003	3.77577146	2.85970241	2.56381428	3.46946621	4.70724628	4.00097518	3.01825400	3.59891373	1.56102083	5.27839234	4.33013802	2.94132452	4.70845000
3.27578290	6.02531936	2.93691595	3.31783261	2.62519502	3.69392118	2.66990787	4.02117991	6.33641852	6.18596773	5.32241440	1.51618838	1.55725717	5.11915678	5.39058965	0.00000000	5.30751008	1.66261171	5.50067197	3.26213410	3.99300441	0.95825937	1.42902187	3.00396720	5.94667746	4.06761267	6.49954954	1.88488728	6.04619705	1.54827224
2.48751878	2.98295855	5.15823876	3.78863164	5.66186560	3.40627950	3.03036671	2.82493083	1.17995577	1.75041928	1.97184921	4.18001690	5.67595330	0.31579588	3.27657003	5.30751008	0.00000000	4.35075537	0.53001973	2.35176373	1.36049471	5.16810819	4.04502978	4.72477151	0.64581463	2.39707898	2.02563840	5.40029944	0.98350520	5.57670514
1.95378939	4.46742246	1.56634006	1.65716333	1.62919291	2.05727269	1.34158598	2.46011710	5.49453130	5.61036762	3.89267460	0.33750450	1.32570344	4.09857363	3.77577146	1.66261171	4.35075537	0.00000000	4.40549051	2.02929870	3.23170670	0.95119363	0.65907973	1.46372361	4.99168628	2.59550195	5.93744364	1.10236339	4.90392451	1.22602398
2.47211500	2.49193660	5.05786162	3.64453910	5.60607261	3.21834428	3.06464687	2.60522673	1.40230077	2.17849840	1.52999513	4.27148996	5.72716427	0.44384288	2.85970241	5.50067197	0.53001973	4.40549051	0.00000000	2.37626533	1.69955528	5.27119278	4.17380086	4.61157637	0.76084670	2.19670533	2.42198230	5.41222799	0.56184091	5.62592030
0.21634779	2.95673512	2.87172459	1.65658784	3.32489190	1.48205751	0.68862650	1.23984719	3.52032520	3.79380234	2.09660415	1.91093039	3.35136956	2.08264635	2.56381428	3.26213410	2.35176373	2.02929870	2.37626533	0.00000000	1.47250233	2.91130079	1.85794515	2.46829980	2.98288199	1.00532346	4.11696064	3.05181982	2.87886978	3.25033326
1.67655345	3.51730352	4.31449906	3.12433040	4.70836264	2.89090901	2.02807377	2.47384300	2.34637735	2.38472770	2.44682566	3.00629744	4.53077564	1.25951662	3.46946621	3.99300441	1.36049471	3.23170670	1.69955528	1.47250233	0.00000000	3.95531707	2.81983383	3.92796105	1.97524778	2.07893273	2.71188791	4.32593289	2.25670180	4.43641716
2.86325845	5.41475676	1.98531485	2.54807776	1.67923463	2.98331132	2.23860128	3.40996346	6.27833023	6.28713165	4.83836032	1.00091669	0.72388399	4.93648048	4.70724628	0.95825937	5.16810819	0.95119363	5.27119278	2.91130079	3.95531707	0.00000000	1.13550796	2.08869371	5.81367794	3.54323499	6.61112696	0.93786664	5.78737028	0.67408713
1.85373664	4.60519529	2.21968455	2.05031628	2.26985426	2.34840596	1.24157680	2.61113247	5.14537653	5.15936549	3.89555367	0.32163800	1.74898209	3.82302238	4.00097518	1.42902187	4.04502978	0.65907973	4.17380086	1.85794515	2.81983383	1.13550796	0.00000000	2.07660643	4.69082900	2.63927874	5.48434237	1.66919601	4.70303151	1.66313679
2.28417390	3.84848872	0.45669912	0.98570763	1.11880244	1.47665861	1.93569134	2.09802228	5.90418976	6.25896840	3.62688497	1.77177327	1.90801220	4.42511048	3.01825400	3.00396720	4.72477151	1.46372361	4.61157637	2.46829980	3.92796105	2.08869371	2.07660643	0.00000000	5.31490195	2.44427510	6.58059490	1.40209257	5.00747221	1.82684378
3.10867164	3.16075270	5.75486421	4.36139827	6.27688414	3.95259158	3.66583997	3.34851462	0.64229401	1.52256695	2.26571815	4.82470134	6.31727909	0.90205132	3.59891373	5.94667746	0.64581463	4.99168628	0.76084670	2.98288199	1.97524778	5.81367794	4.69082900	5.31490195	0.00000000	2.93171879	1.72332984	6.03444094	0.79204730	6.21770005
0.87074190	1.99037376	2.89832035	1.46218940	3.49509469	1.02187537	1.40596928	0.43171999	3.55120564	4.08095788	1.29878473	2.59266195	3.82923625	2.08269749	1.56102083	4.06761267	2.39707898	2.59550195	2.19670533	1.00532346	2.07893273	3.54323499	2.63927874	2.44427510	2.93171879	0.00000000	4.38300195	3.43205852	2.56454479	3.72692612
4.29642206	4.88262705	6.98867926	5.69932675	7.41398646	5.36486805	4.72849306	4.81462442	1.16577009	0.32723206	3.95169110	5.69711848	7.22083775	2.33696938	5.27839234	6.49954954	2.02563840	5.93744364	2.42198230	4.11696064	2.71188791	6.61112696	5.48434237	6.58059490	1.72332984	4.38300195	0.00000000	7.03524547	2.49815893	7.12900868
2.94021267	5.11695623	1.15662505	2.15261978	0.74167416	2.64986985	2.36999177	3.19299159	6.55892799	6.70804958	4.71558171	1.38468580	0.50726488	5.13445443	4.33013802	1.88488728	5.40029944	1.10236339	5.41222799	3.05181982	4.32593289	0.93786664	1.66919601	1.40209257	6.03444094	3.43205852	7.03524547	0.00000000	5.88439869	0.43416558
2.95457670	2.41644615	5.46000164	4.02673276	6.03624863	3.57105627	3.56306473	2.94342716	1.35552302	2.31238811	1.63146529	4.78646407	6.21870672	0.99719501	2.94132452	6.04619705	0.98350520	4.90392451	0.56184091	2.87886978	2.25670180	5.78737028	4.70303151	5.00747221	0.79204730	2.56454479	2.49815893	5.88439869	0.00000000	6.11680225
3.16223584	5.47703434	1.59012372	2.52110043	1.11347049	3.00673039	2.56170733	3.52014378	6.71797443	6.80272504	5.02172844	1.43207613	0.10260679	5.32409736	4.70845000	1.54827224	5.57670514	1.22602398	5.62592030	3.25033326	4.43641716	0.67408713	1.66313679	1.82684378	6.21770005	3.72692612	7.12900868	0.43416558	6.11680225	0.00000000

EDGE_KM_T
0.00000000	3.76560428	3.75480540	1.75241111	4.49030043	1.39766255	0.72765595	1.47165174	5.18032114	5.41865432	2.27920253	2.17670875	4.33171431	3.10872986	3.39855798	3.43111664	3.51656904	2.50846997	3.39627646	0.22637927	2.06203137	3.45094281	1.86968072	3.12527950	4.37867416	1.19142414	5.88010806	4.05166553	3.93068319	4.20204304
3.76596911	0.00000000	5.20493082	3.20228197	5.94043843	2.56891465	4.26986747	2.29404911	3.80275740	5.26125581	1.48668971	5.26776715	5.78157312	3.49539546	1.17537677	7.19713591	3.67727916	4.92436178	2.93741635	3.99241647	4.93669542	5.88419975	5.60361833	4.57532851	3.37595700	2.57440630	5.29540275	5.50158428	2.48165136	5.65189169
3.75439305	5.20440138	0.00000000	2.00224382	0.73548759	2.63553709	3.02675793	3.52338471	8.93422837	9.17240353	5.54565447	2.17473074	2.26902065	6.86285863	4.02922720	4.10385054	7.27064289	1.83149458	7.15043041	3.96018106	5.81612339	2.79132820	2.51042080	0.62948074	8.13269579	4.06569239	9.63381112	1.60855949	7.68484213	2.20387529
1.75235225	3.20219339	2.00236048	0.00000000	2.73785384	0.63331460	1.56361522	1.52122097	6.93256419	7.17086185	3.54357844	2.56159540	2.65573653	4.86102271	2.33881567	4.49078691	5.26884955	2.21831051	5.14857497	1.95817147	3.81431596	3.17814538	2.89733187	1.37284473	6.13094293	2.06358805	7.63230521	2.29924806	5.68298282	2.59059583
4.48969109	5.93979680	0.73548423	2.73766011	0.00000000	3.37094096	3.76206538	4.25875435	9.66930708	9.90741090	6.28097303	2.31307356	1.61331223	7.59803735	4.76465660	3.44801369	8.00579682	1.98140359	7.88562050	4.69546093	6.55128552	2.13556077	2.62001470	1.36494458	8.86782614	4.80102745	10.36879765	0.95286707	8.42003448	1.54816416
1.39768373	2.56888469	2.63573116	0.63332327	3.37122686	0.00000000	1.90161546	0.88793026	6.29947653	6.53782398	2.91032338	2.89958240	3.21262582	4.22786525	2.00090055	4.82880305	4.63570939	2.55627770	4.51540957	1.62406664	3.18117008	3.51611308	3.23533773	2.00620118	5.49781922	1.43032148	6.99928188	2.93258024	5.04981586	3.08295401
0.72764763	4.26946003	3.02699299	1.56357307	3.76248505	1.90151082	0.00000000	1.97553030	5.90777465	6.14604469	2.78312630	1.44903601	3.60396487	3.83627189	3.90238366	2.92716286	4.24408912	1.78077211	4.12382854	0.93345981	2.78955871	2.72324560	1.33371352	2.39748514	5.10617338	1.69533332	6.60747999	3.32390193	4.65823727	3.47429600
1.47171556	2.29397552	3.52374062	1.52128577	4.25923864	0.88795392	1.97564078	0.00000000	5.41174736	5.65014412	2.02242842	2.97359461	4.10058610	3.34006695	1.92695951	4.90284413	3.74792822	2.63027029	3.62760341	1.69811102	2.64205380	3.59010618	3.30936862	2.89419654	4.61005435	0.54241512	6.11161642	3.82055158	4.16200814	3.97091241
5.18113172	3.80274124	8.93662515	6.93397979	9.67213258	6.30061311	5.90882243	5.41256323	0.00000000	1.45849480	3.38999157	7.35794532	9.51327111	2.07196090	4.90707391	8.29379262	1.66403009	7.68981144	1.78445632	4.97523629	3.11859808	8.63228158	7.05081741	8.30702388	0.80183785	4.87005112	1.49264068	9.23328144	1.45333950	9.38358981
5.41947385	5.26089601	9.17480412	7.17221830	9.91030862	6.53886251	6.14715633	5.65084262	1.45843229	0.00000000	3.77427759	7.59626260	9.75151244	2.31040759	5.14530094	8.53214649	1.90249851	7.92810383	2.32367009	5.21359435	3.35705931	8.87057462	7.28915837	8.54522073	1.88518481	5.10836082	0.46151249	9.47150876	2.91167222	9.62183352
2.27926253	1.48662651	5.54650584	3.54391286	6.28201069	2.91055576	2.78316863	2.02253227	3.38980656	3.77431022	0.00000000	3.96794770	6.12320666	2.00859076	1.51699688	5.71041832	2.19045408	4.29979192	1.60543616	2.50569494	3.44987708	5.24226263	4.11691286	4.91692030	2.58800856	1.48004683	4.08986302	5.84320466	2.13983631	5.99352745
2.17663374	5.26732620	2.17466302	2.56140253	2.31316557	2.89936213	1.44900265	2.97344180	7.35637498	7.59451956	3.96790396	0.00000000	2.15477644	5.28504813	4.90019006	1.92910188	5.69282177	0.34322398	5.57262479	2.38241396	4.23830578	1.27416094	0.33567846	2.31922859	6.55486455	2.69330566	8.05591821	1.87468537	6.10703748	2.02511235
4.33122418	5.78143174	2.26887506	2.65572443	1.61323428	3.21258475	3.60360831	4.10036234	9.51061076	9.74863997	6.12252758	2.15463633	0.00000000	7.43944564	4.99449075	1.83456714	7.84717918	1.82299605	7.72704068	4.53697501	6.39267646	0.88052010	2.46154920	2.41347360	8.70918384	4.64259925	10.21000493	0.66042843	8.26145701	0.12965971
3.10901959	3.49510976	6.86427707	4.86171781	7.59978025	4.22836687	3.83669839	3.34036036	2.07183414	2.31034055	2.00852139	5.28579724	7.44101320	0.00000000	3.12814597	6.22169746	0.40789938	5.61762738	0.55796413	2.90314720	1.44127808	6.56009845	4.97870358	6.23470165	1.27006175	2.79789209	2.77184488	7.16100327	1.14596538	7.31133534
3.39890462	1.17533912	4.02949332	2.33885680	4.76499721	2.00096282	3.90281341	1.92706394	4.90670333	5.14522474	1.51696524	4.90073410	4.99460341	3.12819879	0.00000000	6.83005659	3.31005503	4.55736017	3.12236473	3.62533185	4.56948037	5.51719733	5.23655533	3.39991360	4.10492007	2.20738281	5.60673346	4.33406460	3.65676553	4.92947122
3.43105366	7.19619991	4.10335378	4.49023326	3.44771151	4.82821844	2.92707581	4.90236861	8.29206280	8.53006042	5.71015968	1.92901585	1.83451025	6.22094196	6.82899376	0.00000000	6.62866452	2.27218136	6.50854204	3.31851614	5.17416544	1.31234956	1.59339307	4.24796136	7.49065875	4.62230372	8.99141616	2.49493159	7.04295937	1.89966236
3.51694237	3.67699998	7.27223008	5.26965979	8.00773380	4.63630683	4.24462270	3.74829477	1.66394697	1.90246497	2.19039913	5.69372463	7.84895466	0.40790341	3.31004171	6.62961807	0.00000000	6.02555938	0.73982102	3.31106703	1.45455892	6.96803033	5.38662658	6.64265135	0.86216620	3.20582088	2.36397268	7.56894732	1.32782263	7.71927636
2.50832038	4.92410256	1.83144012	2.21817907	1.98148050	2.55613856	1.78068922	2.63021795	7.68806344	7.92620860	4.29959043	0.34322421	1.82309076	5.61673576	4.55696670	2.27232644	6.02450960	0.00000000	5.90431232	2.71410075	4.56999355	0.95983331	0.67890290	1.97600551	6.88655258	2.81963530	8.38760743	1.54299982	6.43872500	1.69342664
3.39660414	2.93727033	7.15197469	5.14937417	7.88747991	4.51601569	4.12428865	3.62798839	1.78438279	2.32370957	1.60545045	5.57339902	7.72866761	0.55797103	3.12245964	6.50927388	0.73983711	5.90524640	0.00000000	3.19072071	1.99925919	6.84771702	5.26628895	6.52238689	0.98257904	3.08549911	2.48444952	7.44866739	0.58800261	7.59898810
0.22637900	3.99198184	3.96063065	1.95823736	4.69612563	1.62403998	0.93348381	1.69802968	4.97448990	5.21282203	2.50558122	2.38253633	4.53754060	2.90290010	3.62493504	3.31853858	3.31073892	2.71429713	3.19044687	0.00000000	1.85620136	3.65676998	2.07550870	3.33110505	4.17284369	1.41780259	5.67427547	4.25749159	3.72485364	4.40786937
2.06211846	4.93597087	5.81704315	3.81460533	6.55254033	3.18127659	2.78978044	2.64200182	3.11834324	3.35672214	3.44951988	4.23884539	6.39390647	1.44124843	4.56894634	5.17482026	1.45454293	4.57062480	1.99919224	1.85627855	0.00000000	5.51309717	3.93180004	5.18750418	2.31666316	2.36175206	3.81818924	6.11386794	2.58718946	6.26423346
3.45071852	5.88387933	2.79109542	3.17792729	2.13545551	3.51590377	2.72310022	3.59002996	8.63016162	8.86820922	5.24201663	1.27412335	0.88053530	6.55897072	5.51669699	1.31239819	6.96671065	0.95983231	6.84656283	3.65647403	5.51220582	0.00000000	1.58104319	2.93568871	7.82872139	3.76208405	9.32957955	1.18263458	7.38097859	0.75087489
1.86967713	5.60300268	2.51033766	2.89707858	2.62011825	3.23503843	1.33369918	3.30911881	7.04941386	7.28755696	4.11680571	0.33567790	2.46173067	4.97808907	5.23586583	1.59342312	5.38586219	0.67890129	5.26566596	2.07545698	3.93134637	1.58111639	0.00000000	2.65490365	6.24790449	3.02898338	7.74895518	2.18163927	5.80007870	2.33206663
3.12500455	4.57495871	0.62949208	1.37278954	1.36498154	2.00608972	2.39736420	2.89395638	8.30496191	8.54317677	4.91625456	2.31936401	2.41360571	6.23353652	3.39976562	4.24850704	6.64133458	1.97611206	6.52110197	3.33080268	5.18681051	2.93594609	2.65506910	0.00000000	7.50340060	3.43628330	9.00459594	1.75313565	7.05551245	2.34846186
4.37924871	3.37587208	8.13469200	6.13206494	8.87019854	5.49870160	5.10693689	4.61066094	0.80182394	1.88525944	2.58810303	6.55605468	8.71135712	1.27011003	4.10515553	7.49191322	0.86218590	6.88791314	0.98260239	4.17335817	2.31675168	7.83038348	6.24893404	7.50509623	0.00000000	4.06815814	1.91939972	8.43136315	1.02652503	8.58167656
1.19146410	2.57424531	4.06618384	2.06371619	4.80168249	1.43038200	1.69538755	0.54242163	4.86938053	5.10779073	1.48001641	2.69333781	4.64301591	2.79768127	2.20723571	4.62259520	3.20554722	2.81970866	3.08521560	1.41786299	2.36182795	3.76218072	3.02911691	3.43663592	4.06767779	0.00000000	5.56926696	4.36298441	3.61961990	4.51334171
5.88108196	5.29514915	9.63646937	7.63386270	10.37197490	7.00050310	6.60876732	6.11247271	1.49258822	0.46151889	4.08993013	8.05787942	10.21315585	2.77197908	5.60694936	8.99375049	2.36406239	8.38972937	2.48446803	5.67519688	3.81862570	9.33219992	7.75076689	9.00687973	1.91935659	5.56998029	0.00000000	9.93315708	2.94586302	10.08347610
4.05119585	5.50133756	1.60848394	2.29920860	0.95284542	2.93248485	3.32357362	3.82028559	9.23073074	9.46880819	5.84248537	1.87458881	0.66043925	7.15949799	4.33406255	2.49509322	7.56724830	1.54292934	7.44708534	4.25695897	6.11274003	1.18266597	2.18151996	1.75306869	8.42926890	4.36254589	9.93018724	0.00000000	7.98150016	0.59529017
3.93108924	2.48167065	7.68660989	5.68395459	8.42211782	5.05058610	4.65878133	4.16253122	1.45335609	2.91186129	2.13995209	6.10790700	8.26324544	1.14598463	3.65705064	7.04374819	1.32787069	6.43977726	0.58800443	3.72519116	2.58728616	7.38224729	5.80077514	7.05700564	1.02655077	3.62001405	2.94601022	7.98325812	0.00000000	8.13356375
4.20158021	5.65177413	2.20373450	2.59057435	1.54809419	3.08292595	3.47396302	3.97070833	9.38099751	9.61903671	5.99288073	2.02498837	0.12966009	7.30981838	4.92934251	1.89973565	7.71755539	1.69334412	7.59741182	4.40733358	6.26305152	0.75086828	2.33190503	2.34833018	8.57956335	4.51295009	10.08040459	0.59528014	8.13182784	0.00000000

DEMAND_SECTION
0 0
1 1
2 1
3 1
4 1
5 1
6 1
7 1
8 1
9 1
10 1
11 1
12 1
13 1
14 1
15 1
16 1
17 1
18 1
19 1
20 1
21 1
22 1
23 1
24 1
25 1
26 1
27 1
28 1
29 1

LOGISTIC_LOAD_SECTION
0	0
1	0
2	0
3	0
4	0
5	0
6	0
7	0
8	0
9	0
10	0
11	0
12	0
13	0
14	0
15	0
16	0
17	0
18	0
19	0
20	0
21	0
22	0
23	0
24	0
25	0
26	0
27	0
28	0
29	0

AVAILABILITY_LANDING_SPOT_SECTION
0	1
1	1
2	1
3	1
4	1
5	1
6	1
7	1
8	1
9	1
10	1
11	1
12	1
13	1
14	1
15	1
16	1
17	1
18	1
19	1
20	1
21	1
22	1
23	1
24	1
25	1
26	1
27	1
28	1
29	1

CUSTOMER_DRONE_PREFERENCE_SECTION
0	1
1	1
2	1
3	1
4	1
5	1
6	1
7	1
8	1
9	1
10	1
11	1
12	1
13	1
14	1
15	1
16	1
17	1
18	1
19	1
20	1
21	1
22	1
23	1
24	1
25	1
26	1
27	1
28	1
29	1

PRICE_SECTION
0	3
1	3
2	3
3	3
4	3
5	3
6	3
7	3
8	3
9	3
10	3
11	3
12	3
13	3
14	3
15	3
16	3
17	3
18	3
19	3
20	3
21	3
22	3
23	3
24	3
25	3
26	3
27	3
28	3
29	3

PRIORITY_DELIVERY_TIME_SECTION
0	0
1	0
2	0
3	0
4	0
5	0
6	0
7	0
8	0
9	0
10	0
11	0
12	0
13	0
14	0
15	0
16	0
17	0
18	0
19	0
20	0
21	0
22	0
23	0
24	0
25	0
26	0
27	0
28	0
29	0

EOF
