NAME: multi_modal_data
TYPE: MM

VEHICLES: 2
DIMENSION: 42

NUM_T: 2
NUM_D: 1

MAXIMUM_SYSTEM_DURATION: 300
UNIT: MIN

SERVICETIME: 5
UNIT: MIN

TAKEOFF_LANDING_TIME: 2
UNIT: MIN

MAX_WAITING_TIME: 99999999
UNIT: MIN

INIT_SOC: 100
MAX_SOC: 100
MIN_SOC_T: 3
MIN_SOC_D: 3
UNIT: %

DEMAND_T: 21
DEMAND_D: 0
UNIT: EA

MASS_T: 1940
MASS_D: 15
UNIT: KG

LIFT_TO_DRAG: 3
POWER_MOTOR_PROP: 0.5
UNIT: RATIO

POWER_ELEC: 0.1
UNIT: KW

CARGO_LIMIT_TRUCK: 99999999999999
UNIT: KG

CARGO_LIMIT_DRONE: 6
UNIT: KG

BATTERY_KWH_T: 100
BATTERY_KWH_D: 0.3
UNIT: KWH 

ENERGY_KWH/KM_T: 1.0
ENERGY_KWH/KM_D: 0.1
UNIT: KWH/KM

CHARGING_KW_D: 0.5
CHARGING_KW_T: 80
UNIT: KW 

LOSISTIC_KWH/KG_T: 0.001
LOSISTIC_KWH/KG_D: 0.001
UNIT: KWH/KG

SPEED_T: 0.3
SPEED_D: 1.0
UNIT: KM/MIN

ALTITUDE: 100
UNIT: M

CURVY_AIR: 1.0
UNIT: RATIO

CURVY_ROAD: 1.0
UNIT: RATIO

DEPOT_SECTION
0

EDGE_KM_D_TYPE: EUC_2D(haversine)
EDGE_KM_T_TYPE: MAN_2D(haversine)
EDGE_KM_D_FORMAT : FULL_MATRIX
EDGE_KM_T_FORMAT : FULL_MATRIX

NODE_COORD_SECTION
0	37.67027280	127.03334638
1	37.68972738	127.02079584
2	37.67790958	127.04976482
3	37.69087427	127.04312553
4	37.68426592	127.01200380
5	37.68361278	127.04630596
6	37.66273392	127.03065067
7	37.65463723	127.02181063
8	37.69993966	127.02369397
9	37.66644103	127.04908930
10	37.66352054	127.02688117
11	37.66220038	127.04185729
12	37.63778542	127.04134952
13	37.65796533	127.02761128
14	37.67725156	127.04540086
15	37.68673817	127.01984672
16	37.69729731	127.02643082
17	37.69514517	127.01446632
18	37.66256856	127.01625513
19	37.66556296	127.03480435
20	37.65037688	127.02278494
21	37.68080603	127.04107619
22	37.67162547	127.02899201
23	37.65067321	127.04432864
24	37.69118380	127.03455029
25	37.67480210	127.03319490
26	37.69711433	127.02819087
27	37.63571462	127.04306373
28	37.67879036	127.04081743
29	37.64436769	127.04126046
30	37.65645807	127.04192306
31	37.65447307	127.01709316
32	37.67356030	127.02882969
33	37.67056210	127.04353655
34	37.66544927	127.03397327
35	37.64971270	127.02879292
36	37.68486112	127.03841042
37	37.67227850	127.03127124
38	37.67449836	127.04737948
39	37.64050798	127.03423621
40	37.65769727	127.04874836
41	37.68949454	127.02260387

EDGE_KM_D
0.00000000	2.42890433	1.67604433	2.44710153	2.43906544	1.87113025	0.87122060	2.01341140	3.40640583	1.44968271	0.94210539	1.16914901	3.68050304	1.45867050	1.31444066	2.18255124	3.06599531	3.22636910	1.73119227	0.53920474	2.39973604	1.35447827	0.41170662	2.38417013	2.32761255	0.50381199	3.01893013	3.93677277	1.15298017	2.96357334	1.71162072	2.26569975	0.54005554	0.89746736	0.53918353	2.32105463	1.68225742	0.28826689	1.32144845	3.31062885	1.94765069	2.33710737
2.42890433	0.00000000	2.86801254	1.96896166	0.98353853	2.34549676	3.12433411	3.90287342	1.16383354	3.59231243	2.96287603	3.57836604	6.05242160	3.58235943	2.57151904	0.34271731	0.97690966	0.82042323	3.04625258	2.95629473	4.37908306	2.04180404	2.13817510	4.81129172	1.22106226	1.98617705	1.04788489	6.31771532	2.14084437	5.35576941	4.14040962	3.93362803	1.93172515	2.92345591	2.93815953	4.50476513	1.64173483	2.14809715	2.88796760	5.59935928	4.32865031	0.16118610
1.67604433	2.86801254	0.00000000	1.55550092	3.39740240	0.70343583	2.38281070	3.57082377	3.35610340	1.27663150	2.57227148	1.88033510	4.52269282	2.95302860	0.39096602	2.80989386	2.97716059	3.64980559	3.40715529	1.90225672	3.87461872	0.82970136	1.95720373	3.06611924	1.99278512	1.49866772	2.85730110	4.72881116	0.79349014	3.80408002	2.48315926	3.88090355	1.90489323	0.98385438	1.96250640	3.63843505	1.26329690	1.74390185	0.43352992	4.37776415	2.24929030	2.71518951
2.44710153	1.96896166	1.55550092	0.00000000	2.83542476	0.85456703	3.31608480	4.44468157	1.98473820	2.76708575	3.36082526	3.19034819	5.90528865	3.90575617	1.52795421	2.09937924	1.63334744	2.56600944	3.93684865	2.90820476	4.84593640	1.13396923	2.47551730	4.47141351	0.75532678	1.98937011	1.48600263	6.13348355	1.35893543	5.17390714	3.82837467	4.65111066	2.29982535	2.25890276	2.93963356	4.74762627	0.78690155	2.31600768	1.85900242	5.65487704	3.72216274	1.81224407
2.43906544	0.98353853	3.39740240	2.83542476	0.00000000	3.01943681	2.90272131	3.40576046	2.02374456	3.81855326	2.65249273	3.59494334	5.77800241	3.23105085	3.04077438	0.74289090	1.92644194	1.22897158	2.44148165	2.88994849	3.88594192	2.58716134	2.05202905	4.69552087	2.12787905	2.14132964	2.01737770	6.05153449	2.60773398	5.12974660	4.06147868	3.34296683	1.89993343	3.16593614	2.84892044	4.11653983	2.32468548	2.15684068	3.29723915	5.24448172	4.38030135	1.09912009
1.87113025	2.34549676	0.70343583	0.85456703	3.01943681	0.00000000	2.69970936	3.87675419	2.69342553	1.92506272	2.81322102	2.41293211	5.11442127	3.29249696	0.71180723	2.35414617	2.31816204	3.08118422	3.53140536	2.24787147	4.23605108	0.55606842	2.02447382	3.66685055	1.33371533	1.51365759	2.18967544	5.33368114	0.72168884	4.38640184	3.04401266	4.13642554	1.90129356	1.47149656	2.29287192	4.07252940	0.70852802	1.82732683	1.01787296	4.90938186	2.88968461	2.18583073
0.87122060	3.12433411	2.38281070	3.31608480	2.90272131	2.69970936	0.00000000	1.19001124	4.18214671	1.67453778	0.34314086	0.98824211	2.92969666	0.59391999	2.07156590	2.83346309	3.86117886	3.87521113	1.26729323	0.48232181	1.53865404	2.20911327	0.99941804	1.80232218	3.18204874	1.36047915	3.82905680	3.19700157	1.99708720	2.24569421	1.21310294	1.50602222	1.21446390	1.42973080	0.42035668	1.45710211	2.55346078	1.06271548	1.96959144	2.49149251	1.68866803	3.05876101
2.01341140	3.90287342	3.57082377	4.44468157	3.40576046	3.87675419	1.19001124	0.00000000	5.04013262	2.73656088	1.08394672	1.95484338	2.54374583	0.63063948	3.26109876	3.57364859	4.76098587	4.55042485	1.00844321	1.66860387	0.48143336	3.36788712	1.99197071	2.03081475	4.21564396	2.45596220	4.75650487	2.81580469	3.16415344	2.05819798	1.78209409	0.41569858	2.19298428	2.60632765	1.60986973	0.82322732	3.66459934	2.13106658	3.15319065	1.91445906	2.39567364	3.87658982
3.40640583	1.16383354	3.35610340	1.98473820	2.02374456	2.69342553	4.18214671	5.04013262	0.00000000	4.34385082	4.05932815	4.49053483	7.08379878	4.68005358	3.16431859	1.50646615	0.37988089	0.97126964	4.20673020	3.94557897	5.51171793	2.62028039	3.18272873	5.77135583	1.36393434	2.91752379	0.50520634	7.34219293	2.79298275	6.36980995	5.09414461	5.08892657	2.96786334	3.70402556	3.94039767	5.60299044	2.11847178	3.14722686	3.51381447	6.67333257	5.18891583	1.16539907
1.44968271	3.59231243	1.27663150	2.76708575	3.81855326	1.92506272	1.67453778	2.73656088	4.34385082	0.00000000	1.98158818	0.79220151	3.25840485	2.11248773	1.24514061	3.42302385	3.96839805	4.41260394	2.92204001	1.26115390	2.92447030	1.74607943	1.86046875	1.80269297	3.03424663	1.67970527	3.87495747	3.45756305	1.55423947	2.54937286	1.27677435	3.11509109	1.95098765	0.66996383	1.33508412	2.57919720	2.25355548	1.69730416	0.90848560	3.16624699	0.97272706	3.46471223
0.94210539	2.96287603	2.57227148	3.36082526	2.65249273	2.81322102	0.34314086	1.08394672	4.05932815	1.98158818	0.00000000	1.32640927	3.13231002	0.62104673	2.23341375	2.65487977	3.75601952	3.68232212	0.94131808	0.73346159	1.50533826	2.29242124	0.92018087	2.09757712	3.14919517	1.37203234	3.73724219	3.40433996	2.09463323	2.47751451	1.53946705	1.32457749	1.12946944	1.66198923	0.66007512	1.54455969	2.58081183	1.04770156	2.17834535	2.63953813	2.03089226	2.91260977
1.16914901	3.57836604	1.88033510	3.19034819	3.59494334	2.41293211	0.98824211	1.95484338	4.49053483	0.79220151	1.32640927	0.00000000	2.71519196	1.33954546	1.70243050	3.34622157	4.13199606	4.38526338	2.25399704	0.72472211	2.13247356	2.06999912	1.54294236	1.30009656	3.28634624	1.59524868	4.06428803	2.94700072	1.84699290	1.98360304	0.63854268	2.34320013	1.70600082	0.94145739	0.78237610	1.80300449	2.53795889	1.45740578	1.45128614	2.50366419	0.78657096	3.47596227
3.68050304	6.05242160	4.52269282	5.90528865	5.77800241	5.11442127	2.92969666	2.54374583	7.08379878	3.25840485	3.13231002	2.71519196	0.00000000	2.54913913	4.40290879	5.76300228	6.74645598	6.80291305	3.53202578	3.14201522	2.15221908	4.78374164	3.91695130	1.45686692	5.96772359	4.17820460	6.69798174	0.27532688	4.55978841	0.73195889	2.07692142	2.82915245	4.12785238	3.64968791	3.14388335	1.72662619	5.24097652	3.93674184	4.11666628	0.69566885	2.30793686	5.98187954
1.45867050	3.58235943	2.95302860	3.90575617	3.23105085	3.29249696	0.59391999	0.63063948	4.68005358	2.11248773	0.62104673	1.33954546	2.54913913	0.00000000	2.65533428	3.27156840	4.37475646	4.29302567	1.12307647	1.05575966	0.94473416	2.80267676	1.52379573	1.68029169	3.74387623	1.93560080	4.35347565	2.82354852	2.59100543	1.93133921	1.27097776	1.00406351	1.73739812	1.98165463	1.00306544	0.92352875	3.13808451	1.62383205	2.53126228	2.02690384	1.86093989	3.53348469
1.31444066	2.57151904	0.39096602	1.52795421	3.04077438	0.71180723	2.07156590	3.26109876	3.16431859	1.24514061	2.23341375	1.70243050	4.40290879	2.65533428	0.00000000	2.48391943	2.78475588	3.37177133	3.04077833	1.59971270	3.59069788	0.54869473	1.57382906	2.95688784	1.81981506	1.10822125	2.67796760	4.62328302	0.43816137	3.67464315	2.33230930	3.55299043	1.51507518	0.76171682	1.65344853	3.39324313	1.04613860	1.36095633	0.35220209	4.20225006	2.19421342	2.42443185
2.18255124	0.34271731	2.80989386	2.09937924	0.74289090	2.35414617	2.83346309	3.57364859	1.50646615	3.42302385	2.65487977	3.34622157	5.76300228	3.27156840	2.48391943	0.00000000	1.30927260	1.04786297	2.70606642	2.69758118	4.05145891	1.98121277	1.86324646	4.55251248	1.38503538	1.77240387	1.36757208	6.03043022	2.04613265	5.07443326	3.88741717	3.59589654	1.66495868	2.75351725	2.67383950	4.19167460	1.64683049	1.89631412	2.77905032	5.29431349	4.11075355	0.39089704
3.06599531	0.97690966	2.97716059	1.63334744	1.92644194	2.31816204	3.86117886	4.76098587	0.37988089	3.96839805	3.75601952	4.13199606	6.74645598	4.37475646	2.78475588	1.30927260	0.00000000	1.07955084	3.96413748	3.60482347	5.22717915	2.24128550	2.86346505	5.41839120	0.98615186	2.57119926	0.15618561	7.00244626	2.41608817	6.02850535	4.74138609	4.83223690	2.64786564	3.33220372	3.60301106	5.29525662	1.73878356	2.81438761	3.13449748	6.35195535	4.82151285	0.93067980
3.22636910	0.82042323	3.64980559	2.56600944	1.22897158	3.08118422	3.87521113	4.55042485	0.97126964	4.41260394	3.68232212	4.38526338	6.80291305	4.29302567	3.37177133	1.04786297	1.07955084	0.00000000	3.62577802	3.74480639	5.03156604	2.83283660	2.91094635	5.60012106	1.82122540	2.79875448	1.22724228	7.07155786	2.94685740	6.11892852	4.93404290	4.52844306	2.71260366	3.74385875	3.72161867	5.20685081	2.39721966	2.94143628	3.69585592	6.31967718	5.14217557	0.95261200
1.73119227	3.04625258	3.40715529	3.93684865	2.44148165	3.53140536	1.26729323	1.00844321	4.20673020	2.92204001	0.94131808	2.25399704	3.53202578	1.12307647	3.04077833	2.70606642	3.96413748	3.62577802	0.00000000	1.66635842	1.47249168	2.98075578	1.50700475	2.80306120	3.56606067	2.01829202	3.98234419	3.80619162	2.81553428	2.99030341	2.35945080	0.90319678	1.64888495	2.56053008	1.59215653	1.80602130	3.15384591	1.70664559	3.04376189	2.91946497	2.91113337	3.04572648
0.53920474	2.95629473	1.90225672	2.90820476	2.88994849	2.24787147	0.48232181	1.66860387	3.94557897	1.26115390	0.73346159	0.72472211	3.14201522	1.05575966	1.59971270	2.69758118	3.60482347	3.74480639	1.66635842	0.00000000	1.99272162	1.78257502	0.84626302	1.85585113	2.84899936	1.03706735	3.55630394	3.39770848	1.56313842	2.42437150	1.19065626	1.98779913	1.03311655	0.94854412	0.07423675	1.84020200	2.16920309	0.80889949	1.48735093	2.78643930	1.50716908	2.86952992
2.39973604	4.37908306	3.87461872	4.84593640	3.88594192	4.23605108	1.53865404	0.48143336	5.51171793	2.92447030	1.50533826	2.13247356	2.15221908	0.94473416	3.59069788	4.05145891	5.22717915	5.03156604	1.47249168	1.99272162	0.00000000	3.74709351	2.42509318	1.89696922	4.65419013	2.86637908	5.21870860	2.41787579	3.53573896	1.75852646	1.81546292	0.67715881	2.63222389	2.89389287	1.94395065	0.53407042	4.07366750	2.54734697	3.44689069	1.49021723	2.42629834	4.34972101
1.35447827	2.04180404	0.82970136	1.13396923	2.58716134	0.55606842	2.20911327	3.36788712	2.62028039	1.74607943	2.29242124	2.06999912	4.78374164	2.80267676	0.54869473	1.98121277	2.24128550	2.83283660	2.98075578	1.78257502	3.74709351	0.00000000	1.47416122	3.36282958	1.28894844	0.96269848	2.13868659	5.01699493	0.22528714	4.05179671	2.70839954	3.60969027	1.34564019	1.15947373	1.81843026	3.62253578	0.50827940	1.28208484	0.89423964	4.52121640	2.65683059	1.89095557
0.41170662	2.13817510	1.95720373	2.47551730	2.05202905	2.02447382	0.99941804	1.99197071	3.18272873	1.86046875	0.92018087	1.54294236	3.91695130	1.52379573	1.57382906	1.86324646	2.86346505	2.91094635	1.50700475	0.84626302	2.42509318	1.47416122	0.00000000	2.69267223	2.22911846	0.51146545	2.83511221	4.18085711	1.31068349	3.21759613	2.03469391	2.17592903	0.21561753	1.28557905	0.81478274	2.43665568	1.68909787	0.21334011	1.64954764	3.49077442	2.32867421	2.06495106
2.38417013	4.81129172	3.06611924	4.47141351	4.69552087	3.66685055	1.80232218	2.03081475	5.77135583	1.80269297	2.09757712	1.30009656	1.45686692	1.68029169	2.95688784	4.55251248	5.41839120	5.60012106	2.80306120	1.85585113	1.89696922	3.36282958	2.69267223	0.00000000	4.58605732	2.85640371	5.35578254	1.66704611	3.14172707	0.75137956	0.67721269	2.43465800	2.88755714	2.21264520	1.87896651	1.37191681	3.83705086	2.66319928	2.66281523	1.43778116	0.87258998	4.72127668
2.32761255	1.22106226	1.99278512	0.75532678	2.12787905	1.33371533	3.18204874	4.21564396	1.36393434	3.03424663	3.14919517	3.28634624	5.96772359	3.74387623	1.81981506	1.38503538	0.98615186	1.82122540	3.56606067	2.84899936	4.65419013	1.28894844	2.22911846	4.58605732	0.00000000	1.82546538	0.86484818	6.21325696	1.48434468	5.23911820	3.91547241	4.36162996	2.02327554	2.42556916	2.86200342	4.63914099	0.78080476	2.12188914	2.17183523	5.63496981	3.92761772	1.06783603
0.50381199	1.98617705	1.49866772	1.98937011	2.14132964	1.51365759	1.36047915	2.45596220	2.91752379	1.67970527	1.37203234	1.59524868	4.17820460	1.93560080	1.10822125	1.77240387	2.57119926	2.79875448	2.01829202	1.03706735	2.86637908	0.96269848	0.51146545	2.85640371	1.82546538	0.00000000	2.51978382	4.43231522	0.80417559	3.45783301	2.17964882	2.66806515	0.40824646	1.02505510	1.04224241	2.81659854	1.20902554	0.32772987	1.24884522	3.81443912	2.34344096	1.88088658
3.01893013	1.04788489	2.85730110	1.48600263	2.01737770	2.18967544	3.82905680	4.75650487	0.50520634	3.87495747	3.73724219	4.06428803	6.69798174	4.35347565	2.67796760	1.36757208	0.15618561	1.22724228	3.98234419	3.55630394	5.21870860	2.13868659	2.83511221	5.35578254	0.86484818	2.51978382	0.00000000	6.95172033	2.32078084	5.97690668	4.67952794	4.84104805	2.61969505	3.24664942	3.55757998	5.27109451	1.63248515	2.77489352	3.02907788	6.31679816	4.74170436	0.97956575
3.93677277	6.31771532	4.72881116	6.13348355	6.05153449	5.33368114	3.19700157	2.81580469	7.34219293	3.45756305	3.40433996	2.94700072	0.27532688	2.82354852	4.62328302	6.03043022	7.00244626	7.07155786	3.80619162	3.39770848	2.41787579	5.01699493	4.18085711	1.66704611	6.21325696	4.43231522	6.95172033	0.00000000	4.79388999	0.97519198	2.30875489	3.09503341	4.39085500	3.87509157	3.40182764	2.00039580	5.48017893	4.19617217	4.32926381	0.94248224	2.49507509	6.24536922
1.15298017	2.14084437	0.79349014	1.35893543	2.60773398	0.72168884	1.99708720	3.16415344	2.79298275	1.55423947	2.09463323	1.84699290	4.55978841	2.59100543	0.43816137	2.04613265	2.41608817	2.94685740	2.81553428	1.56313842	3.53573896	0.22528714	1.31068349	3.14172707	1.48434468	0.80417559	2.32078084	4.79388999	0.00000000	3.82782960	2.48514645	3.41643273	1.20469106	0.94572098	1.60109981	3.40212446	0.70749263	1.10912479	0.74919073	4.29605333	2.44712445	1.99639398
2.96357334	5.35576941	3.80408002	5.17390714	5.12974660	4.38640184	2.24569421	2.05819798	6.36980995	2.54937286	2.47751451	1.98360304	0.73195889	1.93133921	3.67464315	5.07443326	6.02850535	6.11892852	2.99030341	2.42437150	1.75852646	4.05179671	3.21759613	0.75137956	5.23911820	3.45783301	5.97690668	0.97519198	3.82782960	0.00000000	1.34565559	2.40618079	3.42555422	2.91957256	2.43036406	1.24825425	4.50965314	3.22571558	3.39340489	0.75279914	1.62217118	5.27975231
1.71162072	4.14040962	2.48315926	3.82837467	4.06147868	3.04401266	1.21310294	1.78209409	5.09414461	1.27677435	1.53946705	0.63854268	2.07692142	1.27097776	2.33230930	3.88741717	4.74138609	4.93404290	2.35945080	1.19065626	1.81546292	2.70839954	2.03469391	0.67721269	3.91547241	2.17964882	4.67952794	2.30875489	2.48514645	1.34565559	0.00000000	2.19696552	2.22365918	1.57471626	1.22035394	1.37794572	3.17337541	1.99341784	2.06268490	1.89830448	0.61643658	4.04791967
2.26569975	3.93362803	3.88090355	4.65111066	3.34296683	4.13642554	1.50602222	0.41569858	5.08892657	3.11509109	1.32457749	2.34320013	2.82915245	1.00406351	3.55299043	3.59589654	4.83223690	4.52844306	0.90319678	1.98779913	0.67715881	3.60969027	2.17592903	2.43465800	4.36162996	2.66806515	4.84104805	3.09503341	3.41643273	2.40618079	2.19696552	0.00000000	2.36048084	2.93575245	1.92290579	1.15806429	3.86497339	2.34039076	3.47348834	2.16549654	2.80964575	3.92430309
0.54005554	1.93172515	1.90489323	2.29982535	1.89993343	1.90129356	1.21446390	2.19298428	2.96786334	1.95098765	1.12946944	1.70600082	4.12785238	1.73739812	1.51507518	1.66495868	2.64786564	2.71260366	1.64888495	1.03311655	2.63222389	1.34564019	0.21561753	2.88755714	2.02327554	0.40824646	2.61969505	4.39085500	1.20469106	3.42555422	2.22365918	2.36048084	0.00000000	1.33664429	1.00915341	2.65173831	1.51325338	0.25785873	1.63591408	3.70594496	2.48701356	1.85458447
0.89746736	2.92345591	0.98385438	2.25890276	3.16593614	1.47149656	1.42973080	2.60632765	3.70402556	0.66996383	1.66198923	0.94145739	3.64968791	1.98165463	0.76171682	2.75351725	3.33220372	3.74385875	2.56053008	0.94854412	2.89389287	1.15947373	1.28557905	2.21264520	2.42556916	1.02505510	3.24664942	3.87509157	0.94572098	2.91957256	1.57471626	2.93575245	1.33664429	0.00000000	1.01574938	2.65690604	1.65274339	1.09626191	0.55314718	3.44070122	1.50226688	2.79738922
0.53918353	2.93815953	1.96250640	2.93963356	2.84892044	2.29287192	0.42035668	1.60986973	3.94039767	1.33508412	0.66007512	0.78237610	3.14388335	1.00306544	1.65344853	2.67383950	3.60301106	3.72161867	1.59215653	0.07423675	1.94395065	1.81843026	0.81478274	1.87896651	2.86200342	1.04224241	3.55757998	3.40182764	1.60109981	2.43036406	1.22035394	1.92290579	1.00915341	1.01574938	0.00000000	1.80827685	2.19354310	0.79574710	1.55073121	2.77344575	1.56030413	2.85480742
2.32105463	4.50476513	3.63843505	4.74762627	4.11653983	4.07252940	1.45710211	0.82322732	5.60299044	2.57919720	1.54455969	1.80300449	1.72662619	0.92352875	3.39324313	4.19167460	5.29525662	5.20685081	1.80602130	1.84020200	0.53407042	3.62253578	2.43665568	1.37191681	4.63914099	2.81659854	5.27109451	2.00039580	3.40212446	1.24825425	1.37794572	1.15806429	2.65173831	2.65690604	1.80827685	0.00000000	3.99895693	2.51867187	3.20508099	1.13016773	1.96838497	4.45695950
1.68225742	1.64173483	1.26329690	0.78690155	2.32468548	0.70852802	2.55346078	3.66459934	2.11847178	2.25355548	2.58081183	2.53795889	5.24097652	3.13808451	1.04613860	1.64683049	1.73878356	2.39721966	3.15384591	2.16920309	4.07366750	0.50827940	1.68909787	3.83705086	0.78080476	1.20902554	1.63248515	5.48017893	0.70749263	4.50965314	3.17337541	3.86497339	1.51325338	1.65274339	2.19354310	3.99895693	0.00000000	1.53372042	1.39670571	4.94551947	3.15455755	1.48325954
0.28826689	2.14809715	1.74390185	2.31600768	2.15684068	1.82732683	1.06271548	2.13106658	3.14722686	1.69730416	1.04770156	1.45740578	3.93674184	1.62383205	1.36095633	1.89631412	2.81438761	2.94143628	1.70664559	0.80889949	2.54734697	1.28208484	0.21334011	2.66319928	2.12188914	0.32772987	2.77489352	4.19617217	1.10912479	3.22571558	1.99341784	2.34039076	0.25785873	1.09626191	0.79574710	2.51867187	1.53372042	0.00000000	1.43904206	3.54235497	2.23503542	2.06070025
1.32144845	2.88796760	0.43352992	1.85900242	3.29723915	1.01787296	1.96959144	3.15319065	3.51381447	0.90848560	2.17834535	1.45128614	4.11666628	2.53126228	0.35220209	2.77905032	3.13449748	3.69585592	3.04376189	1.48735093	3.44689069	0.89423964	1.64954764	2.66281523	2.17183523	1.24884522	3.02907788	4.32926381	0.74919073	3.39340489	2.06268490	3.47348834	1.63591408	0.55314718	1.55073121	3.20508099	1.39670571	1.43904206	0.00000000	3.95269076	1.87208002	2.74485581
3.31062885	5.59935928	4.37776415	5.65487704	5.24448172	4.90938186	2.49149251	1.91445906	6.67333257	3.16624699	2.63953813	2.50366419	0.69566885	2.02690384	4.20225006	5.29431349	6.35195535	6.31967718	2.91946497	2.78643930	1.49021723	4.52121640	3.49077442	1.43778116	5.63496981	3.81443912	6.31679816	0.94248224	4.29605333	0.75279914	1.89830448	2.16549654	3.70594496	3.44070122	2.77344575	1.13016773	4.94551947	3.54235497	3.95269076	0.00000000	2.29906947	5.54246162
1.94765069	4.32865031	2.24929030	3.72216274	4.38030135	2.88968461	1.68866803	2.39567364	5.18891583	0.97272706	2.03089226	0.78657096	2.30793686	1.86093989	2.19421342	4.11075355	4.82151285	5.14217557	2.91113337	1.50716908	2.42629834	2.65683059	2.32867421	0.87258998	3.92761772	2.34344096	4.74170436	2.49507509	2.44712445	1.62217118	0.61643658	2.80964575	2.48701356	1.50226688	1.56030413	1.96838497	3.15455755	2.23503542	1.87208002	2.29906947	0.00000000	4.21851281
2.33710737	0.16118610	2.71518951	1.81224407	1.09912009	2.18583073	3.05876101	3.87658982	1.16539907	3.46471223	2.91260977	3.47596227	5.98187954	3.53348469	2.42443185	0.39089704	0.93067980	0.95261200	3.04572648	2.86952992	4.34972101	1.89095557	2.06495106	4.72127668	1.06783603	1.88088658	0.97956575	6.24536922	1.99639398	5.27975231	4.04791967	3.92430309	1.85458447	2.79738922	2.85480742	4.45695950	1.48325954	2.06070025	2.74485581	5.54246162	4.21851281	0.00000000

EDGE_KM_T
0.00000000	3.26789458	2.29424882	3.15149749	3.43444290	2.62398231	1.07555162	2.75392284	4.14836957	1.81169349	1.31985684	1.64670514	4.31683777	1.87330851	1.83698346	3.01904579	3.61366780	4.42742203	2.36096832	0.65203495	3.14189946	1.85158592	0.53366189	3.14598641	2.43116282	0.51696858	3.43841089	4.69797631	1.60467784	3.57708203	2.29100994	3.18738692	0.76309300	0.92906066	0.59152834	2.68695721	2.06786320	0.40566850	1.70498981	3.38802100	2.75394955	3.08286965
3.26760493	0.00000000	3.86312984	2.09237111	1.38091895	2.92460850	3.86868955	3.99114533	1.39056857	5.07893510	3.44953454	4.91411366	7.58425800	4.13149071	3.55230395	0.41590038	1.33757471	1.15938138	3.41947457	3.91960624	4.55060767	2.77652558	2.73404354	6.41333789	1.37223434	2.75063985	1.47209912	7.96535698	2.97789008	6.84450432	5.55841694	4.24591252	2.50461617	4.13209391	3.85911881	5.15311744	2.09105278	2.86198433	4.03254931	6.65560540	6.02119903	0.18498320
2.29410010	3.86353599	0.00000000	2.02590898	4.03000467	0.93856984	3.36962730	5.04791844	4.74403724	1.33469678	3.61389838	2.44269956	5.20221020	4.16735665	0.45722583	3.61467861	4.20936026	5.02300611	4.65491359	2.68950152	5.43590389	1.08672609	2.52690187	3.50696935	2.81500328	1.80379622	4.03411929	5.28161130	0.88536522	4.47813136	3.07542824	5.48133979	2.32604416	1.36513174	2.77528307	4.98101607	1.77223626	2.25370221	0.58923740	5.52549107	2.33696561	3.67852744
3.15125850	2.09234072	2.02580686	0.00000000	3.47324770	1.08729022	4.22674424	5.90489942	2.71782938	3.24161303	4.47095734	3.29998887	6.05949169	5.02442684	1.71498690	2.50823982	2.18319451	2.99665633	5.51180912	3.54668234	6.29289985	1.29986149	3.38399330	4.57602230	0.78896241	2.66095229	2.00798061	6.13891916	1.54676324	5.33541148	3.93271856	6.33824820	3.18313309	2.29477940	3.63245111	5.83810443	1.08351906	3.11082869	2.19522957	6.38266315	4.18387743	1.95914043
3.43408864	1.38097592	4.02971993	3.47349171	0.00000000	3.09117618	4.03515579	4.15755430	2.77156327	5.24552081	3.61597636	5.08065251	7.75079356	4.29793726	3.71886577	0.96506939	2.71858714	1.42641765	2.78675200	4.08609939	4.71702294	2.94305937	2.90049904	6.57989275	2.75329939	2.91712258	2.85312295	8.13190365	3.14442220	7.01103931	5.72495622	3.76067735	2.67107061	4.29864365	4.02560658	5.31957164	2.38993569	3.02845459	4.19912394	6.82209488	6.18778253	1.51419039
2.62377724	2.92479356	0.93854644	1.08731762	3.09120276	0.00000000	3.69928620	5.37751754	3.80531441	2.15434679	3.94353178	2.77243429	5.53194148	4.49699499	0.78698453	2.67592976	3.27065595	4.08422086	4.98447510	3.01918852	5.76550958	0.77231363	2.85654955	3.83672079	1.87635390	2.13347233	3.09542689	5.61135418	1.01921762	4.80786204	3.40516341	5.81090697	2.65569074	1.69487782	3.10496445	5.31066240	0.83361300	2.58336531	1.10794860	5.85517423	3.09660825	2.73979724
1.07557572	3.86900509	3.36997133	4.22716064	4.03563202	3.69967389	0.00000000	1.67845026	4.74945417	2.03526239	0.41927571	1.04578293	3.71591101	0.79778406	2.91266695	3.62016479	4.21472793	5.02858913	1.28554540	0.68020054	2.06641817	2.92723075	1.13469912	2.54508629	3.50674930	1.56587688	4.03945528	4.09706488	2.68032036	2.97615448	1.69008832	2.11195651	1.36413169	2.00472749	0.59440404	1.61142220	3.14348420	1.11593626	2.78069099	2.78703066	2.15308895	3.68396399
2.75413672	3.99118757	5.04868994	5.90581552	4.15789890	5.37835930	1.67853512	0.00000000	5.20320427	3.71397452	1.43416001	2.60577215	3.59392585	0.88072188	4.59134368	3.74235638	5.15032430	5.15083238	1.37099752	2.35877554	0.55950288	4.60586596	2.52121478	2.42312973	5.18532186	3.24443642	5.28492197	3.97509618	4.35895308	2.85416847	1.97304528	0.43355154	2.72206801	3.68338631	2.27297106	1.16226270	4.82209381	2.79447734	4.45938671	2.66497721	2.71169628	3.94579308
4.14802983	1.39053345	4.74335577	2.71762035	2.77134586	3.80487635	4.74914712	5.20310306	0.00000000	5.95916922	4.33003778	5.79443542	8.46458591	5.01198511	4.43258277	1.80642233	0.53460544	1.34497400	4.80995300	4.80001347	5.59111397	3.65685680	3.61452121	7.29362970	1.92875019	3.63106659	0.70980040	8.84566412	3.85822444	7.72483331	6.43873790	5.63640110	3.38509580	5.01239532	4.73953611	6.03359752	2.97141631	3.74243438	4.91280415	7.53601951	6.90143728	1.25735260
1.81176503	5.07971664	1.33470597	3.24178588	5.24630490	2.15440349	2.03518133	3.71359272	5.96017846	0.00000000	2.27950368	1.10810116	3.86761870	2.83295203	1.52673303	4.83087216	5.42546425	6.23927285	3.32066344	1.35499905	4.10156492	2.30263087	2.34544670	2.17233733	4.03099683	2.32873430	5.25019934	3.94699648	2.10127352	3.14354107	1.74082894	4.14707823	2.57487856	0.94699457	1.44079190	3.64659537	2.98817730	2.21744296	1.04643302	4.19099632	1.00227347	4.89468349
1.31990861	3.44972370	3.61428890	4.47148441	3.61634243	3.94399469	0.41927219	1.43410660	4.33017548	2.27958060	0.00000000	1.46504467	4.13517323	0.68197887	3.15698860	3.20088252	3.79545180	4.60930184	1.04119657	0.92453208	1.82207542	3.17155643	1.08703253	2.96434573	3.75108107	1.81020991	3.85074816	4.51632550	2.92464628	3.39541678	2.10934999	1.86760846	1.28788747	2.24905087	0.83873634	1.70364233	3.38781237	1.36027109	3.02501080	3.20629950	2.57234426	3.26468430
1.64678662	4.91480134	2.44284689	3.30003201	5.08143383	2.77254727	1.04579002	2.60559238	5.79524859	1.10813753	1.46506812	0.00000000	2.75952009	1.72492251	1.98553975	4.66596164	5.26052062	6.07438939	2.29457057	0.99473771	2.99355967	2.13761358	2.18049019	1.49930492	3.86601236	2.16375665	5.08524686	3.05128271	1.93625753	2.03544291	0.64430543	3.03910162	2.40992286	1.07759911	1.05525227	2.53855991	2.82317342	2.05247498	1.85356505	3.08293349	1.10731038	4.72975911
4.31714601	7.58552399	5.20261055	6.05960350	7.75241094	5.53221081	3.71622744	3.59431615	8.46588735	3.86788163	4.13561463	2.75953479	0.00000000	3.45361349	4.74517711	7.33671176	7.93108017	8.74529523	4.96542464	3.66505491	3.03479381	4.80774926	4.85097561	1.69538258	6.53633691	4.83412043	7.75575547	0.38120457	4.60640069	0.73975916	2.12680924	3.99145309	5.08041298	3.83718250	3.72559353	2.43191398	5.49338625	4.72289444	4.61325967	0.92909074	2.86559658	7.40042942
1.87339221	4.13174747	4.16788065	5.02503242	4.29842411	4.49756366	0.79780125	0.88069900	5.01218016	2.83316789	0.68198368	1.72499405	3.45328485	0.00000000	3.71055160	3.88291254	4.47743845	5.29136731	1.51153950	1.47802528	1.26866140	3.72509094	1.64048744	2.28247697	4.30457260	2.36369251	4.40419779	3.83444841	3.47817909	2.71352781	1.42746539	1.31423193	1.84134132	2.80260159	1.39222407	1.02167124	3.94132932	1.91374102	3.57858683	2.52436427	1.89050462	3.94669615
1.83688368	3.55266813	0.45722924	1.71502368	3.71914367	0.78699136	2.91241298	4.59071103	4.43316711	1.52668574	3.15668700	1.98547650	4.74498753	3.71014471	0.00000000	3.30381149	3.89848800	4.71214319	4.19771052	2.23228396	4.97869572	0.77584239	2.06968885	3.04974435	2.50412467	1.34657991	3.72324565	4.82438729	0.57448172	4.02090876	2.61820513	5.02413606	1.86883126	0.90790737	2.31806616	4.52380320	1.46135464	1.79648741	0.48027464	5.06827395	2.46894462	3.36765817
3.01878212	0.41590375	3.61436526	2.50835406	0.96504638	2.67583165	3.61985718	3.74228161	1.80648260	4.83016812	3.20068879	4.66532103	7.33546357	3.88264756	3.30352390	0.00000000	1.75349844	1.40827115	3.00358693	3.67078859	4.30174740	2.52773018	2.48520528	6.16455403	1.78818688	2.50181650	1.88802909	7.71656863	2.72909376	6.59570958	5.30962454	3.83002190	2.25577734	3.88330724	3.61029822	4.90427848	1.84224793	2.61315416	3.78377627	6.40678574	5.77243084	0.54911292
3.61344608	1.33752409	4.20882351	2.18306726	2.71836406	3.27033323	4.21455491	5.15009052	0.53461402	5.42463483	3.79543376	5.25987835	7.93002726	4.47738338	3.89803682	1.75341595	0.00000000	1.29198449	4.75695788	4.26543429	5.53809837	3.12229729	3.07992380	6.75908039	1.39417021	3.09648236	0.17520048	8.31111084	3.32366412	7.19027438	5.90418104	5.58340335	2.85049789	4.47784353	4.20495433	5.49899949	2.43684844	3.20784412	4.37826440	7.00143855	6.36690183	1.20433757
4.42686494	1.15934069	5.02228429	2.99651109	1.42638587	4.08378518	5.02796689	5.15047950	1.34502650	6.23809389	4.60883610	6.07331894	8.74346655	5.29078759	4.71148646	1.40821748	1.29201504	0.00000000	3.77974891	5.07885687	5.70993557	3.93573589	3.89333154	7.57252729	2.20759215	3.90990083	1.42652814	9.12455451	4.13710205	8.00371344	6.71762180	4.75366345	3.66390521	5.29128841	5.01837479	6.31240672	3.25028023	4.02125768	5.19171909	7.81485968	7.18036001	1.34431227
2.36112447	3.41962085	4.65552329	5.51271131	2.78686140	4.98522518	1.28554822	1.37094527	4.81028279	3.32081422	1.04120856	2.29455939	4.96468738	1.51147752	4.19821806	3.00368989	4.75737709	3.77981804	0.00000000	1.96574958	1.93043899	4.21278101	2.12824347	3.79386324	4.79229829	2.85142560	4.89195820	5.34584158	3.96587057	4.22493083	2.93886479	0.97394693	2.32909823	3.29027823	1.87995291	2.53314231	4.42903394	2.40148461	4.06624249	4.03580563	3.40186676	3.55288186
0.65204309	3.92000777	2.68972059	3.54693218	4.08660520	3.01943476	0.68018661	2.35860721	4.80046657	1.35501392	0.92451289	0.99470959	3.66483938	1.47796047	2.23243086	3.67116429	4.26574952	5.07957058	1.96568371	0.00000000	2.74657839	2.24700916	1.18572930	2.49400466	2.87127364	1.16901252	4.09048278	4.04598749	2.00009964	2.92508314	1.63901475	2.79209764	1.41516132	1.32449765	0.08579372	2.29160258	2.46327156	1.05772318	2.10044826	2.83599787	2.10199249	3.73497275
3.14214862	4.55070050	5.43678477	6.29387682	4.71745624	5.76643666	2.06653341	0.55950780	5.59116741	4.10206594	1.82213926	2.99382703	3.03451674	1.26870482	4.97941646	4.30187410	5.53830128	5.71037728	1.93053338	2.74679481	0.00000000	4.99391690	2.90920468	1.92963794	5.57333985	3.63244756	5.67290783	3.41569572	4.74700272	2.29475890	2.36110050	0.95657434	3.11005710	4.07144968	2.66098612	0.60279016	5.21013129	3.18247876	4.84746949	2.10553216	3.09978598	4.36563291
1.85148935	2.77674023	1.08669623	1.29988597	2.94317870	0.77233105	2.92700729	4.60526806	3.65725143	2.30249434	3.17126541	2.13759635	4.80773531	3.72472620	0.77582415	2.52787959	3.12258386	3.93618860	4.21224412	2.24689577	4.99325685	0.00000000	2.08427616	3.63684674	1.72825477	1.36118494	2.94734894	5.18885244	0.24690485	4.06798069	2.78190032	5.03867320	1.88341789	1.35559438	2.33267447	4.53838967	0.68550101	1.81108432	1.25609045	5.08288337	3.24475466	2.59173789
0.53365490	2.73421954	2.52705671	3.38431603	2.90075376	2.85679574	1.13468163	2.52107011	3.61469918	2.34532313	1.08701224	2.18034639	4.85047983	1.64046508	2.06979835	2.48536924	3.08000180	3.89373685	2.12810667	1.18568751	2.90904829	2.08440775	0.00000000	3.67962369	2.66399512	0.72313698	2.90474772	5.23161562	1.83750008	4.11072424	2.82465108	2.95452662	0.22943086	1.39836271	1.12518224	2.45411568	2.30068931	0.27321665	1.93780153	3.92167448	3.28757974	2.54919751
3.14624164	6.41442789	3.50714493	4.57607966	6.58118053	3.83679803	2.54528188	2.42323555	7.29483552	2.17242633	2.96461149	1.49933870	1.69533707	2.28262150	3.04977815	6.16560116	6.76007015	7.57410244	3.79425917	2.49417281	1.92963037	3.63696296	3.68000472	0.00000000	5.36545093	3.66321374	6.58477234	1.77468280	3.43561044	0.97126111	0.85503238	2.82030043	3.90943961	2.28128066	2.55469872	1.47454850	4.32255923	3.55195836	2.91783048	2.01884769	1.17014649	6.22936094
2.43113296	1.37221057	2.81476367	0.78895926	2.75311433	1.87624830	3.50661770	5.18476964	1.92886299	4.03057010	3.75082942	3.86576115	6.53590637	4.30429920	2.50394533	1.78810932	1.39422912	2.20768655	4.79167730	2.87126591	5.57277043	1.72817442	2.66386615	5.36498111	0.00000000	1.94082669	1.21901587	6.91700239	1.92953937	5.79615284	4.51006431	5.61811669	2.46300589	3.08373851	2.91232580	5.11797722	1.04270623	2.39070238	2.98418726	5.66253794	4.97283462	1.23901094
0.51696777	2.75085939	1.80385729	2.66114164	2.91736048	2.13360936	1.56584046	3.24416420	3.63134995	2.32857668	1.81012543	2.16362719	4.83376254	2.36358102	1.34661538	2.50200551	3.09666288	3.91035284	2.85117983	1.16899488	3.63214605	1.36124107	0.72312115	3.66289518	1.94085303	0.00000000	2.92141543	5.21489187	1.11433438	4.09400728	2.80793163	3.67760293	0.52226403	1.38163718	1.10849274	3.17723608	1.57753267	0.44991308	1.28216062	3.90498399	3.27083458	2.56584418
3.43824672	1.47203429	4.03362771	2.00787002	2.85287618	3.09513668	4.03935496	5.28460050	0.70981548	5.24943889	3.85069597	5.08468084	7.75482963	4.40417088	3.72284008	1.88792636	0.17520087	1.42649607	4.89146907	4.09023524	5.67260815	2.94709961	2.90472349	6.58388341	1.21897111	2.92128296	0.00000000	8.13591359	3.14846637	7.01507673	5.72898354	5.71791436	2.67529754	4.30264638	4.02975510	5.32379913	2.26165018	3.03264430	4.20306809	6.82623938	6.19170581	1.33884738
4.69837443	7.96678320	5.28194654	6.13892320	8.13369173	5.61153832	4.09746247	3.97557288	8.84713946	3.94721597	4.51685892	3.05132059	0.38120877	3.83485598	4.82450239	7.71797330	8.31232556	9.12656998	5.34669500	4.04627975	3.41604814	5.18895870	5.23221472	1.77470523	6.91756237	5.21534922	8.13699654	0.00000000	4.98761077	1.12096816	2.40701310	4.37272140	5.46165248	3.91650321	4.10682040	2.81315357	5.87460224	5.10412794	4.69258981	1.31031697	2.94493008	7.78168420
1.60460236	2.97814987	0.88535587	1.54679633	3.14460936	1.01924902	2.68012675	4.35840866	3.85865413	2.10115236	2.92439389	1.93623707	4.60637482	3.47785293	0.57447335	2.72929149	3.32398002	4.13761337	3.96539801	2.00000530	4.74639513	0.24690547	1.83739959	3.43549337	1.92963152	1.11429832	3.14874089	4.98749605	0.00000000	3.86661999	2.58054120	4.79182508	1.63654170	1.15423912	2.08578599	4.29151357	0.88686853	1.56420230	1.05474438	4.83599426	3.04341187	2.79314320
3.57732511	6.84560517	4.47846960	5.33551435	7.01242353	4.80809685	2.97638550	2.85440525	7.72599114	3.14374595	3.39574329	2.03545553	0.73975847	2.71374784	4.02107020	6.59678554	7.19120532	8.00532703	4.22547040	2.92524538	2.29489051	4.06798865	4.11112074	0.97128404	5.79652540	4.09429834	7.01589435	1.12094966	3.86663807	0.00000000	1.40272947	3.25150539	4.34055684	3.11309014	2.98577751	1.69205755	4.75360485	3.98305734	3.88913733	1.04763908	2.14146356	6.66052471
2.29115044	5.55925062	3.07562774	3.93276765	5.72594296	3.40530456	1.69017220	1.97300186	6.43967813	1.74091377	2.10947596	0.64430587	2.12679654	1.42749097	2.61829089	5.31041738	5.90493153	6.71888176	2.93905076	1.63909161	2.36096252	2.78192478	2.82488366	0.85501588	4.51036799	2.80812150	5.72964578	2.40698506	2.58057049	1.40271997	0.00000000	2.40654322	3.05431743	1.71033755	1.69961183	1.90592185	3.46750276	2.69685293	2.48632966	2.45025837	0.73863627	5.37419607
3.18769143	4.24606734	5.48224784	6.33937213	3.76085718	5.81191653	2.11208931	0.43355246	5.63675710	4.14753229	1.86771346	3.03932851	3.99097328	1.31427548	5.02490073	3.83012727	5.58387767	4.75379018	0.97395497	2.79233053	0.95654670	5.03942217	2.95476864	2.82017774	5.61887681	3.67799110	5.71847567	4.37214394	4.79250924	3.25121588	2.40660166	0.00000000	3.15562184	4.11694300	2.70652589	1.55930769	5.25564951	3.22803165	4.89294415	3.06202325	3.14525398	4.37934570
0.76307539	2.50477025	2.32615216	3.18342672	2.67128429	2.65589914	1.36410831	2.72191050	3.38525654	2.57470750	1.28786427	2.40974735	5.07988195	1.84131878	1.86890382	2.25591777	2.85056544	3.66427303	2.32893432	1.41510466	3.10989092	1.88352314	0.22943048	3.90901898	2.46312549	0.52227046	2.67531539	5.46101381	1.63661607	4.34012656	3.05405189	3.15535619	0.00000000	1.62775981	1.35460129	2.65497210	2.09981082	0.35741499	1.73690246	4.15109292	3.51696489	2.31975237
0.92905717	4.13261093	1.36518602	2.29478930	4.29915623	1.69492070	2.00460786	3.68297605	5.01308691	0.94696743	2.24891179	1.07758246	3.83709752	2.80236370	0.90792216	3.88376182	4.47838609	5.29213621	3.29001961	1.32444588	4.07095300	1.35562427	1.39838105	2.28126198	3.08395834	1.38168919	4.30312978	3.91648368	1.15426566	3.11301945	1.71031056	4.11643851	1.62781211	0.00000000	1.41023467	3.61601282	2.04115768	1.27038844	0.77592783	4.16044038	1.88922361	3.94758662
0.59153193	3.85949830	2.77551644	3.63272714	4.02609692	3.10523014	0.59439334	2.27281513	4.73995671	1.44080968	0.83872012	1.05522190	3.72535162	1.39216761	2.31822612	3.61065495	4.20523929	5.01906197	1.87989238	0.08579383	2.66078618	2.33280384	1.12521873	2.55451730	2.91234341	1.10850138	4.02997231	4.10649997	2.08589428	2.98559537	1.69952707	2.70630619	1.35465077	1.41029266	0.00000000	2.20580956	2.54906587	0.99721230	2.18624379	2.79649416	2.16250573	3.67446303
2.68706822	5.15349696	4.98171730	5.83880412	5.32025962	5.31136647	1.61145089	1.16230346	6.03390129	3.64699794	1.70367363	2.53875334	2.43173646	1.02168280	4.52434555	4.90467131	5.49913280	6.31317872	2.53333341	2.29171556	0.60279489	4.53884259	2.45412085	1.47456619	5.11826039	3.17736704	5.32383298	2.81291680	4.29192820	1.69197856	1.90602686	1.55937372	2.65497314	3.61637731	2.20590622	0.00000000	4.75505488	2.72739673	4.39240014	1.50274629	2.64471771	4.96842795
2.06777557	2.09115448	1.77214262	1.08355270	2.38991705	0.83360131	3.14328054	4.82149879	2.97167962	2.98794398	3.38752053	2.82308078	5.49322219	3.94098483	1.46129154	1.84228927	2.43702522	3.25057241	4.42844813	2.46318901	5.20949227	0.68548819	2.30054143	4.32231928	1.04273519	1.57747044	2.26179876	5.87433107	0.88685119	4.75346799	3.46738444	5.25488123	2.09968238	2.04107073	2.54896371	4.75465399	0.00000000	2.02736057	1.94154831	5.29917387	3.93020594	1.90616084
0.40566356	2.86220116	2.25382573	3.11109020	3.02872857	2.58356745	1.11592924	2.79427943	3.74268305	2.21731960	1.36022549	2.05234846	4.72248229	1.91367890	1.79657075	2.61335012	3.20798779	4.02171356	2.40131169	1.05769504	3.18225837	1.81118350	0.27321489	3.55162384	2.39077593	0.44991884	3.03273506	5.10361675	1.56427604	3.98272676	2.69665310	3.22773229	0.35741870	1.27036347	0.99719041	2.72733041	2.02746712	0.00000000	1.66457240	3.79368244	3.15957647	2.67718054
1.70491948	4.03302958	0.58924705	2.19531221	4.19953383	1.10796021	2.78045759	4.45878451	4.91351910	1.04641668	3.02474392	1.85348451	4.61299720	3.57819924	0.48028110	3.78417604	4.37883105	5.19252531	4.06580213	2.10031500	4.84676601	1.25613761	1.93773887	2.91774429	2.98444121	1.28216573	4.20358296	4.69239136	1.05477779	3.88891872	2.48621292	4.89222494	1.73688182	0.77590989	2.18609991	4.39185388	1.94165857	1.66452999	0.00000000	4.93630685	1.98867445	3.84801372
