NAME: multi_modal_data
TYPE: MM

VEHICLES: 2
DIMENSION: 36

NUM_T: 1
NUM_D: 1

MAXIMUM_SYSTEM_DURATION: 300
UNIT: MIN

SERVICETIME: 5
UNIT: MIN

TAKEOFF_LANDING_TIME: 2
UNIT: MIN

MAX_WAITING_TIME: 99999999
UNIT: MIN

INIT_SOC: 100
MAX_SOC: 100
MIN_SOC_T: 3
MIN_SOC_D: 3
UNIT: %

DEMAND_T: 37
DEMAND_D: 0
UNIT: EA

MASS_T: 1940
MASS_D: 15
UNIT: KG

LIFT_TO_DRAG: 3
POWER_MOTOR_PROP: 0.5
UNIT: RATIO

POWER_ELEC: 0.1
UNIT: KW

CARGO_LIMIT_TRUCK: 99999999999999
UNIT: KG

CARGO_LIMIT_DRONE: 6
UNIT: KG

BATTERY_KWH_T: 100
BATTERY_KWH_D: 0.3
UNIT: KWH 

ENERGY_KWH/KM_T: 1.0
ENERGY_KWH/KM_D: 0.1
UNIT: KWH/KM

CHARGING_KW_D: 0.5
CHARGING_KW_T: 80
UNIT: KW 

LOSISTIC_KWH/KG_T: 0.001
LOSISTIC_KWH/KG_D: 0.001
UNIT: KWH/KG

SPEED_T: 0.3
SPEED_D: 1.0
UNIT: KM/MIN

ALTITUDE: 100
UNIT: M

CURVY_AIR: 1.0
UNIT: RATIO

CURVY_ROAD: 1.2
UNIT: RATIO

DEPOT_SECTION
0

EDGE_KM_D_TYPE: EUC_2D(haversine)
EDGE_KM_T_TYPE: MAN_2D(haversine)
EDGE_KM_D_FORMAT : FULL_MATRIX
EDGE_KM_T_FORMAT : FULL_MATRIX

NODE_COORD_SECTION
0	37.53099938	126.97703681
1	37.53450706	126.98625780
2	37.51893189	126.96596566
3	37.55044186	126.97172998
4	37.54013774	127.00138433
5	37.54284774	126.99519311
6	37.51837568	126.98280322
7	37.54364724	126.95866616
8	37.55008085	126.96707716
9	37.52845455	126.98999807
10	37.53632621	126.97829396
11	37.53185058	126.99059141
12	37.50886744	126.97755330
13	37.53836404	126.99967575
14	37.53597531	126.96500548
15	37.52136431	126.99309587
16	37.53652379	126.97507381
17	37.51018738	126.97306136
18	37.53303544	126.94958229
19	37.54227541	126.97697100
20	37.53482239	126.98795801
21	37.52852156	126.97081706
22	37.52254894	127.00067785
23	37.54723353	126.96776421
24	37.50988056	126.97165753
25	37.51075800	126.97884105
26	37.53635517	126.96860916
27	37.52554873	126.97136467
28	37.52956574	126.96533289
29	37.53792175	126.96626691
30	37.52389305	126.96252236
31	37.54409194	126.96360115
32	37.51011524	126.98674423
33	37.52941013	126.95219922
34	37.53502027	126.99895385
35	37.53709689	126.98499832

EDGE_KM_D
0.00000000	0.90180169	1.65945302	2.21196144	2.37517850	2.07331557	1.49296923	2.14514136	2.29630198	1.17745715	0.60260054	1.19898452	2.46138449	2.15765596	1.19650720	1.77578748	0.63820774	2.34060005	2.43147861	1.25385237	1.05266306	0.61378350	2.28676667	1.98167018	2.39575178	2.25636005	0.95231368	0.78583035	1.04430410	1.22242478	1.50421754	1.87692478	2.47499995	2.19732829	1.98364472	0.97597821
0.90180169	0.00000000	2.49030587	2.18635796	1.47339583	1.21689654	1.81941676	2.63654308	2.42047543	0.74948027	0.73076687	0.48298555	2.95254146	1.25844824	1.88102934	1.58092835	1.01132444	2.94402528	3.23807640	1.19022772	0.15396316	1.51552491	1.83984872	2.15899948	3.02596684	2.72057701	1.56968134	1.64833655	1.92521121	1.80311185	2.40287135	2.26418092	2.71258905	3.05626836	1.12093904	0.30864783
1.65945302	2.49030587	0.00000000	3.54042882	3.91344585	3.70330062	1.48627487	2.82259703	3.46499746	2.36918623	2.21876317	2.60378031	1.51557941	3.67499621	1.89703529	2.40793875	2.11461120	1.15634408	2.13232425	2.77116824	2.62361790	1.14895355	3.08766118	3.15099739	1.12472039	1.45453943	1.95135795	0.87638753	1.18374783	2.11174658	0.62971559	2.80543253	2.07840988	1.68268308	3.41511515	2.62616977
2.21196144	2.18635796	3.54042882	0.00000000	2.85447513	2.23427221	3.69687300	1.37742268	0.41214064	2.92776594	1.67288108	2.65312360	4.65130409	2.80607687	1.71438658	3.74209672	1.57545037	4.47763941	2.74941218	1.01886624	2.25024583	2.43875864	4.01679271	0.49950389	4.51022220	4.45698187	1.59035339	2.76818092	2.38886295	1.47313850	3.06169859	1.00604795	4.67549525	2.90422607	2.94985997	1.88954829
2.37517850	1.47339583	3.91344585	2.85447513	0.00000000	0.62351895	2.92239183	3.78651630	3.22038630	1.64186298	2.07956630	1.32469009	4.06288355	0.24817963	3.24081772	2.21176393	2.35439107	4.16290118	4.63535078	2.16556669	1.32317629	2.98882977	1.95678051	3.06734600	4.26520198	3.82423321	2.92029366	3.10461719	3.38926377	3.10612226	3.87374418	3.36012984	3.57931187	4.49799614	0.60805368	1.48381649
2.07331557	1.21689654	3.70330062	2.23427221	0.62351895	0.00000000	2.93231113	3.22165733	2.60597907	1.66471514	1.65709492	1.28838691	4.08613346	0.63621845	2.76918438	2.39599869	1.90821130	4.12288422	4.16698298	1.60784311	1.09694616	2.67532660	2.30835932	2.46691853	4.21256725	3.84858398	2.45257447	2.84864254	3.01883716	2.60855734	3.56951320	2.78875845	3.71517008	4.07479635	0.93139920	1.10312647
1.49296923	1.81941676	1.48627487	3.69687300	2.92239183	2.93231113	0.00000000	3.52514657	3.78836533	1.28787309	2.03523532	1.64825792	1.15422274	2.67465252	2.50860975	0.96666422	2.12998729	1.25191337	3.35261070	2.70683914	1.88444365	1.54600405	1.64329538	3.47207477	1.36333821	0.91630488	2.35874429	1.28600615	1.98038896	2.61729436	1.89090288	3.32324030	0.98209093	2.96474106	2.33536726	2.09068727
2.14514136	2.63654308	2.82259703	1.37742268	3.78651630	3.22165733	3.52514657	0.00000000	1.03035918	3.23825102	1.91248480	3.10554968	4.21075938	3.66316810	1.01988131	3.91871483	1.64931056	3.93117511	1.42613327	1.62106124	2.76281529	1.99416261	4.38488001	0.89577458	3.92558283	4.06691590	1.19415971	2.30298794	1.67249956	0.92434743	2.22273032	0.43789484	4.47586118	1.68265773	3.67943419	2.43325923
2.29630198	2.42047543	3.46499746	0.41214064	3.22038630	2.60597907	3.78836533	1.03035918	0.00000000	3.14117878	1.82132164	2.89955649	4.67491351	3.15555970	1.57906579	3.93185087	1.66419895	4.46723359	2.44370028	1.23050407	2.50358642	2.41985917	4.26026898	0.32234908	4.48828537	4.49387566	1.53219262	2.75392112	2.28635755	1.35391748	2.93951802	0.73306501	4.77039176	2.64647058	3.27157296	2.14030515
1.17745715	0.74948027	2.36918623	2.92776594	1.64186298	1.66471514	1.28787309	3.23825102	3.14117878	0.00000000	1.35324319	0.38123010	2.43891147	1.39368813	2.35715343	0.83438872	1.59277516	2.52131808	3.60010697	1.91865138	0.73056728	1.69146192	1.14814552	2.86417458	2.62336101	2.20007551	2.08061343	1.67465508	2.17854882	2.34243490	2.47549482	2.90530627	2.05933290	3.33490197	1.07548260	1.05728897
0.60260054	0.73076687	2.21876317	1.67288108	2.07956630	1.65709492	2.03523532	1.91248480	1.82132164	1.35324319	0.00000000	1.19309860	3.05397832	1.89886187	1.17235159	2.11461731	0.28478182	2.94291335	2.55798722	0.67172761	0.86837879	1.08987381	2.49860760	1.52737580	2.99830264	2.84346852	0.85395420	1.34518534	1.36794667	1.07520084	1.96100500	1.55687550	3.00829663	2.42609753	1.82746081	0.59732647
1.19898452	0.48298555	2.60378031	2.65312360	1.32469009	1.28838691	1.64825792	3.10554968	2.89955649	0.38123010	1.19309860	0.00000000	2.80238331	1.07990074	2.30223649	1.18675389	1.46363824	2.86228416	3.61852740	1.66913561	0.40387803	1.78258650	1.36415876	2.64134755	2.95911408	2.56412743	2.00199416	1.83457317	2.24175673	2.24856348	2.62864294	2.74156872	2.44056225	3.39631217	0.81728300	0.76389590
2.46138449	2.95254146	1.51557941	4.65130409	4.06288355	4.08613346	1.15422274	4.21075938	4.67491351	2.43891147	3.05397832	2.80238331	0.00000000	3.81625830	3.21097063	1.95196513	3.08301442	0.42252542	3.64789582	3.71515680	3.02842419	2.26475378	2.54443677	4.35258155	0.53210340	0.23894467	3.15664032	1.93351654	2.54139999	3.38054701	2.13282671	4.10549436	0.82248114	3.19654015	3.46682695	3.20690779
2.15765596	1.25844824	3.67499621	2.80607687	0.24817963	0.63621845	2.67465252	3.66316810	3.15555970	1.39368813	1.89886187	1.07990074	3.81625830	0.00000000	3.06850137	1.97733186	2.17884988	3.91473143	4.45654413	2.04856411	1.10570582	2.77005709	1.76077997	2.98137564	4.01703495	3.57752905	2.74832200	2.87452274	3.18235616	2.94613129	3.65002093	3.24377835	3.34173774	4.30310139	0.37721955	1.30179195
1.19650720	1.88102934	1.89703529	1.71438658	3.24081772	2.76918438	2.50860975	1.01988131	1.57906579	2.35715343	1.17235159	2.30223649	3.21097063	3.06850137	0.00000000	2.96235916	0.88985928	2.95418950	1.39869528	1.26641234	2.02789903	0.97445221	3.48197666	1.27526974	2.96031776	3.05800786	0.32054688	1.28787418	0.71329737	0.24334129	1.36121410	0.91098301	3.45600610	1.34465378	2.99528196	1.76725075
1.77578748	1.58092835	2.40793875	3.74209672	2.21176393	2.39599869	0.96666422	3.91871483	3.93185087	0.83438872	2.11461731	1.18675389	1.95196513	1.97733186	2.96235916	0.00000000	2.31670403	2.16030726	4.05075413	2.72550100	1.56355589	2.11978219	0.68151333	3.64192850	2.28162388	1.72382824	2.72785712	1.97213300	2.61266001	2.99780310	2.71090800	3.62641363	1.37055916	3.71586244	1.60393909	1.88950598
0.63820774	1.01132444	2.11461120	1.57545037	2.35439107	1.90821130	2.12998729	1.64931056	1.66419895	1.59277516	0.28478182	1.46363824	3.08301442	2.17884988	0.88985928	2.31670403	0.00000000	2.93385211	2.28096020	0.66106553	1.15170655	0.96573868	2.74088512	1.35407263	2.97787673	2.88422783	0.57032226	1.26344242	1.15601984	0.79193664	1.78817403	1.31582623	3.11164023	2.16659278	2.11224204	0.87739539
2.34060005	2.94402528	1.15634408	4.47763941	4.16290118	4.12288422	1.25191337	3.93117511	4.46723359	2.52131808	2.94291335	2.86228416	0.42252542	3.91473143	2.95418950	2.16030726	2.93385211	0.00000000	3.27753096	3.58464990	3.03803130	2.04825627	2.79679278	4.14574978	0.12843934	0.51372835	2.93610111	1.71464877	2.26001026	3.14159633	1.78509648	3.86121980	1.20692424	2.82029460	3.58315024	3.17198421
2.43147861	3.23807640	2.13232425	2.74941218	4.63535078	4.16698298	3.35261070	1.42613327	2.44370028	3.60010697	2.55798722	3.61852740	3.64789582	4.45654413	1.39869528	4.05075413	2.28096020	3.27753096	0.00000000	2.62440820	3.38967988	1.93859763	4.65425158	2.24997348	3.22790286	3.57694008	1.71784222	2.09346246	1.44147898	1.56829349	1.52825277	1.74337103	4.15169387	0.46449205	4.35901527	3.15531359
1.25385237	1.19022772	2.77116824	1.01886624	2.16556669	1.60784311	2.70683914	1.62106124	1.23050407	1.91865138	0.67172761	1.66913561	3.71515680	2.04856411	1.26641234	2.72550100	0.66106553	3.58464990	2.62440820	0.00000000	1.27485958	1.62277112	3.03006904	0.98123460	3.63249731	3.50845925	0.98839492	1.92449995	1.74652202	1.06069276	2.40857919	1.19594635	3.67844525	2.61101592	2.09944347	0.91242194
1.05266306	0.15396316	2.62361790	2.25024583	1.32317629	1.09694616	1.88444365	2.76281529	2.50358642	0.73056728	0.86837879	0.40387803	3.02842419	1.10570582	2.02789903	1.56355589	1.15170655	3.03803130	3.38967988	1.27485958	0.00000000	1.66596716	1.76654735	2.25268390	3.12383490	2.79402699	1.71457564	1.79007367	2.07892169	1.94339278	2.55105035	2.38209668	2.74939776	3.21009334	0.96981590	0.36341416
0.61378350	1.51552491	1.14895355	2.43875864	2.98882977	2.67532660	1.54600405	1.99416261	2.41985917	1.69146192	1.08987381	1.78258650	2.26475378	2.77005709	0.97445221	2.11978219	0.96573868	2.04825627	1.93859763	1.62277112	1.66596716	0.00000000	2.71578318	2.09801885	2.07411272	2.09816279	0.89255166	0.33407228	0.49735087	1.11961477	0.89439357	1.84455780	2.48235441	1.64474308	2.58417831	1.57255322
2.28676667	1.83984872	3.08766118	4.01679271	1.95678051	2.30835932	1.64329538	4.38488001	4.26026898	1.14814552	2.49860760	1.36415876	2.54443677	1.76077997	3.48197666	0.68151333	2.74088512	2.79679278	4.65425158	3.03006904	1.76654735	2.71578318	0.00000000	3.99457500	2.92156051	2.32985841	3.21772248	2.60651902	3.21310752	3.48275228	3.36823293	4.05300533	1.84978756	4.34269213	1.39505919	2.12803689
1.98167018	2.15899948	3.15099739	0.49950389	3.06734600	2.46691853	3.47207477	0.89577458	0.32234908	2.86417458	1.52737580	2.64134755	4.35258155	2.98137564	1.27526974	3.64192850	1.35407263	4.14574978	2.24997348	0.98123460	2.25268390	2.09801885	3.99457500	0.00000000	4.16763278	4.17186221	1.21191203	2.43205226	1.97623353	1.04380588	2.63618131	0.50669672	4.45382093	2.41066085	3.06699845	1.89189870
2.39575178	3.02596684	1.12472039	4.51022220	4.26520198	4.21256725	1.36333821	3.92558283	4.48828537	2.62336101	2.99830264	2.95911408	0.53210340	4.01703495	2.96031776	2.28162388	2.97787673	0.12843934	3.22790286	3.63249731	3.12383490	2.07411272	2.92156051	4.16763278	0.00000000	0.64108855	2.95609677	1.74241562	2.25884839	3.15407510	1.75410543	3.86991012	1.33098105	2.76781936	3.68907905	3.24696946
2.25636005	2.72057701	1.45453943	4.45698187	3.82423321	3.84858398	0.91630488	4.06691590	4.49387566	2.20007551	2.84346852	2.56412743	0.23894467	3.57752905	3.05800786	1.72382824	2.88422783	0.51372835	3.57694008	3.50845925	2.79402699	2.09816279	2.32985841	4.17186221	0.64108855	0.00000000	2.98588836	1.77191506	2.40684707	3.21759416	2.05052737	3.94268865	0.70075198	3.13406193	3.22870675	2.97866684
0.95231368	1.56968134	1.95135795	1.59035339	2.92029366	2.45257447	2.35874429	1.19415971	1.53219262	2.08061343	0.85395420	2.00199416	3.15664032	2.74832200	0.32054688	2.72785712	0.57032226	2.93610111	1.71784222	0.98839492	1.71457564	0.89255166	3.21772248	1.21191203	2.95609677	2.98588836	0.00000000	1.22594366	0.80833918	0.27017770	1.48604489	0.96698959	3.32732735	1.64017656	2.67975155	1.44744253
0.78583035	1.64833655	0.87638753	2.76818092	3.10461719	2.84864254	1.28600615	2.30298794	2.75392112	1.67465508	1.34518534	1.83457317	1.93351654	2.87452274	1.28787418	1.97213300	1.26344242	1.71464877	2.09346246	1.92449995	1.79007367	0.33407228	2.60651902	2.43205226	1.74241562	1.77191506	1.22594366	0.00000000	0.69458014	1.44739187	0.80122166	2.17257936	2.18745456	1.74378369	2.65102858	1.75904207
1.04430410	1.92521121	1.18374783	2.38886295	3.38926377	3.01883716	1.98038896	1.67249956	2.28635755	2.17854882	1.36794667	2.24175673	2.54139999	3.18235616	0.71329737	2.61266001	1.15601984	2.26001026	1.44147898	1.74652202	2.07892169	0.49735087	3.21310752	1.97623353	2.25884839	2.40684707	0.80833918	0.69458014	0.00000000	0.93279064	0.67772048	1.62244324	2.87115582	1.15828501	3.02606192	1.92567198
1.22242478	1.80311185	2.11174658	1.47313850	3.10612226	2.60855734	2.61729436	0.92434743	1.35391748	2.34243490	1.07520084	2.24856348	3.38054701	2.94613129	0.24334129	2.99780310	0.79193664	3.14159633	1.56829349	1.06069276	1.94339278	1.11961477	3.48275228	1.04380588	3.15407510	3.21759416	0.27017770	1.44739187	0.93279064	0.00000000	1.59448627	0.72523625	3.58068274	1.56028317	2.90013587	1.65414265
1.50421754	2.40287135	0.62971559	3.06169859	3.87374418	3.56951320	1.89090288	2.22273032	2.93951802	2.47549482	1.96100500	2.62864294	2.13282671	3.65002093	1.36121410	2.71090800	1.78817403	1.78509648	1.52825277	2.40857919	2.55105035	0.89439357	3.36823293	2.63618131	1.75410543	2.05052737	1.48604489	0.80122166	0.67772048	1.59448627	0.00000000	2.24802977	2.62885019	1.09776485	3.44263602	2.46652520
1.87692478	2.26418092	2.80543253	1.00604795	3.36012984	2.78875845	3.32324030	0.43789484	0.73306501	2.90530627	1.55687550	2.74156872	4.10549436	3.24377835	0.91098301	3.62641363	1.31582623	3.86121980	1.74337103	1.19594635	2.38209668	1.84455780	4.05300533	0.50669672	3.86991012	3.94268865	0.96698959	2.17257936	1.62244324	0.72523625	2.24802977	0.00000000	4.29403706	1.91727048	3.27621198	2.04062073
2.47499995	2.71258905	2.07840988	4.67549525	3.57931187	3.71517008	0.98209093	4.47586118	4.77039176	2.05933290	3.00829663	2.44056225	0.82248114	3.34173774	3.45600610	1.37055916	3.11164023	1.20692424	4.15169387	3.67844525	2.74939776	2.48235441	1.84978756	4.45382093	1.33098105	0.70075198	3.32732735	2.18745456	2.87115582	3.58068274	2.62885019	4.29403706	0.00000000	3.72629007	2.97128727	3.00417438
2.19732829	3.05626836	1.68268308	2.90422607	4.49799614	4.07479635	2.96474106	1.68265773	2.64647058	3.33490197	2.42609753	3.39631217	3.19654015	4.30310139	1.34465378	3.71586244	2.16659278	2.82029460	0.46449205	2.61101592	3.21009334	1.64474308	4.34269213	2.41066085	2.76781936	3.13406193	1.64017656	1.74378369	1.15828501	1.56028317	1.09776485	1.91727048	3.72629007	0.00000000	4.16970106	3.01580622
1.98364472	1.12093904	3.41511515	2.94985997	0.60805368	0.93139920	2.33536726	3.67943419	3.27157296	1.07548260	1.82746081	0.81728300	3.46682695	0.37721955	2.99528196	1.60393909	2.11224204	3.58315024	4.35901527	2.09944347	0.96981590	2.58417831	1.39505919	3.06699845	3.68907905	3.22870675	2.67975155	2.65102858	3.02606192	2.90013587	3.44263602	3.27621198	2.97128727	4.16970106	0.00000000	1.25199815
0.97597821	0.30864783	2.62616977	1.88954829	1.48381649	1.10312647	2.09068727	2.43325923	2.14030515	1.05728897	0.59732647	0.76389590	3.20690779	1.30179195	1.76725075	1.88950598	0.87739539	3.17198421	3.15531359	0.91242194	0.36341416	1.57255322	2.12803689	1.89189870	3.24696946	2.97866684	1.44744253	1.75904207	1.92567198	1.65414265	2.46652520	2.04062073	3.00417438	3.01580622	1.25199815	0.00000000

EDGE_KM_T
0.00000000	1.20314701	2.31810380	2.62986581	3.16311440	2.91850792	1.91217832	3.02630945	3.00000971	1.42590245	0.70317314	1.28989891	2.50650772	2.81522344	1.61422512	2.48746680	0.78738446	2.66474792	2.64734783	1.25964200	1.38813512	0.82398149	3.02432315	2.62281790	2.82265589	2.40984132	1.33869028	1.10625688	1.19146946	1.71942625	2.07007785	2.64058879	3.17821811	2.36690397	2.37975582	1.38006151
1.20310877	0.00000000	3.52116665	3.05288008	1.95990466	1.71532386	2.09834262	3.44926953	3.42300468	1.00281242	0.90450188	0.67750787	3.61852910	1.61202079	2.03721150	2.06436392	1.21041259	3.86784021	3.39754404	1.68267800	0.18498106	2.02706447	2.60118884	3.04581572	4.02574235	3.29475973	1.76169160	2.30934212	2.39452969	2.14241786	3.27312642	3.06356935	2.75514157	3.56990972	1.17655616	0.39903288
2.31826173	3.52154028	0.00000000	4.01213609	5.48172344	5.23702865	1.54682985	3.39200223	3.56163967	3.17840228	3.02145280	3.60835399	2.14108436	5.13380811	1.97982747	2.66321270	2.75942347	1.59814877	3.01317020	3.56629667	3.70655264	1.49419151	3.46362662	3.30562668	1.50845613	2.04443634	2.17052596	1.21192394	1.23823832	2.13814836	0.85533806	3.00621118	2.81292586	2.37925578	4.69833019	3.69843681
2.62974380	3.05260632	4.01192133	0.00000000	3.76001676	2.91287689	4.54178954	1.90720088	0.45032307	4.05534825	2.14825451	3.73003252	5.13623965	3.80661980	2.20142368	5.11684138	1.84240448	4.59347140	3.88799000	1.37010332	3.16742857	2.51791056	5.65352341	0.70636166	4.51660428	5.03954365	1.84149385	2.80019854	2.88527244	1.87378420	3.76381622	1.42269689	5.80773872	4.06040499	4.11478954	2.65359718
3.16285132	1.95980395	5.48083549	3.76037813	0.00000000	0.84721533	4.05812357	4.15668059	4.13047175	2.30303572	2.45969177	1.87309888	5.57827509	0.34787250	3.67034953	2.81830295	2.72164037	5.82755629	5.35710377	2.39021095	1.77483421	3.98676561	2.01807911	3.75328736	5.98544908	5.25451429	3.31037580	4.26904691	4.35419430	3.34269468	5.23277233	3.77101327	4.62916524	5.52948688	0.78333232	1.78287584
2.91825356	1.71523573	5.23620225	2.91308762	0.84719548	0.00000000	3.81354428	3.30934822	3.28316633	2.05847949	2.21509803	1.62854455	5.33367898	0.89378318	3.42571321	2.57375665	2.47703631	5.58294578	5.11241803	1.67021676	1.53027144	3.74214791	2.74069579	2.90598414	5.74083408	5.00992231	3.06575103	4.02443096	4.10955904	3.09806241	4.98812805	2.92369671	4.38459858	5.28480953	1.20194644	1.53830359
1.91226437	2.09840850	1.54684092	4.54220937	4.05860161	3.81390275	0.00000000	4.93884795	4.91242270	1.75527296	2.39370599	2.18522506	1.52028659	3.71068516	3.52666902	1.24008542	2.69967812	1.76968336	4.56002188	3.17190735	2.28342198	2.18529469	2.04050433	4.53522063	1.92761227	1.19649266	3.25108040	1.80643472	2.78507966	3.63185133	2.40218125	4.55305365	1.26609860	3.92610574	3.27520676	2.27530420
3.02603471	3.44897132	3.39178894	1.90730586	4.15650330	3.30931368	4.93812678	0.00000000	1.45694540	4.45174331	2.54455552	4.12643234	5.53253470	4.20309262	1.41198953	5.51326133	2.23867961	4.98973036	1.98086212	1.76639369	3.56380723	2.75319021	6.05000428	1.20091233	4.90007875	5.43584905	1.68747047	3.13203382	2.15356910	1.30676953	2.53655149	0.48454364	6.20410763	2.15325608	4.51125656	3.04995206
2.99978498	3.42265143	3.56159874	0.45032506	4.13006832	3.28292581	4.91183318	1.45688140	0.00000000	4.42539496	2.51829622	4.10007948	5.50628104	4.17667064	1.75110149	5.48688941	2.21244481	4.96351088	3.43767440	1.74014446	3.53747441	2.72698781	6.02357468	0.37717631	4.87386995	5.40958559	1.66128486	3.10582725	2.43495011	1.42346147	3.31349509	0.97237531	6.17778404	3.61008828	4.48484007	3.02364175
1.42594144	1.00283918	3.17813176	4.05582322	2.30319300	2.05856790	1.75518724	4.45230615	4.42598111	0.00000000	1.90739805	0.42994504	3.27541129	1.95529691	3.04020275	1.06157368	2.21333180	3.52475453	4.07337186	2.68558364	0.88797272	1.69889767	1.59845284	4.04878723	3.68266672	2.95163270	2.76465707	1.96626859	2.29861729	3.14540009	2.93011617	4.06657065	2.32617447	3.43948689	1.51982711	1.40188107
0.70316522	0.90448475	3.02119929	2.14836409	2.45979584	2.21522835	2.39361030	2.54472544	2.51847868	1.90728912	0.00000000	1.58198330	3.11858666	2.11191564	1.21071767	2.96883396	0.30590379	3.36788810	2.89754144	0.77817328	1.01933538	1.52710754	3.50564257	2.14129119	3.52578723	2.89129827	0.85716890	1.80938637	1.89456096	1.23789011	2.77315166	2.15903587	3.65962527	3.06991275	1.96687992	0.67684615
1.28988527	0.67752148	3.60797792	3.73044719	1.87320463	1.62860439	2.18510101	4.12687767	4.10058640	0.42994266	1.58204837	0.00000000	3.70530398	1.52531539	2.71479972	1.38686392	1.88796920	3.95462919	3.74790690	2.36022865	0.56266185	2.11386050	1.92371265	3.72339528	4.11253574	3.38153056	2.43926851	2.39613643	2.48134294	2.82000212	3.35994851	3.74116199	2.75610406	3.65676422	1.08984849	1.07655831
2.50652123	3.61879290	2.14122219	5.13652587	5.57915599	5.33438756	1.52034559	5.53331124	5.50679148	3.27569939	3.11861070	3.70565816	0.00000000	5.23122034	4.12106108	2.76054666	3.29395704	0.54298902	5.15458725	3.76616495	3.80382549	2.77962145	3.56105077	5.12958169	0.63269835	0.32380840	3.84543197	2.40075532	3.37946804	4.22622921	2.99660121	5.14746149	0.94944960	4.52064170	4.79573383	3.79567445
2.81502631	1.61195959	5.13303369	3.80701897	0.34787608	0.89380695	3.71028646	4.20334883	4.17712235	1.95518352	2.11186412	1.52524543	5.23044899	0.00000000	3.32254975	2.47044426	2.37381947	5.47973961	5.00933634	2.43684080	1.42698629	3.63895364	1.84691792	3.79993652	5.63763535	4.90668550	2.96256846	3.92123379	4.00639384	2.99489226	4.88497776	3.81767116	4.28131986	5.18171396	0.43546134	1.43503413
1.61415433	2.03717460	1.97980812	2.20153872	3.67052859	3.42595854	3.52629872	1.41204704	1.75113605	3.03998052	1.21072318	2.71467494	4.12065901	3.32264768	0.00000000	4.10152665	0.94875873	3.57781392	1.68683018	1.75559371	2.15202594	1.34125341	4.63833839	1.49510922	3.48814958	4.02398504	0.35999148	1.72010199	0.74158255	0.32766106	1.56243502	1.02635542	4.79231533	1.85920041	3.09957503	1.88757211
2.48764971	2.06447017	2.66313470	5.11757597	2.81848692	2.57380992	1.24004906	5.51416839	5.48777286	1.06159964	2.96909578	1.38689497	2.76031711	2.47057650	4.10201186	0.00000000	3.27505653	3.00969801	5.13531023	3.74729246	1.94958946	2.76065807	0.80039213	5.11057322	3.16762196	2.43652773	3.82643598	2.38180003	3.36042366	4.20719863	2.97751531	5.12839153	1.81100326	4.50140333	2.03510065	2.46352262
0.78737164	1.21038593	2.75923405	1.84245952	2.72175280	2.47718676	2.69951229	2.23881782	2.21257302	2.21318942	0.30590304	1.88788346	3.29387598	2.37387300	0.94875220	3.27473354	0.00000000	3.10592452	2.63557238	0.80683374	1.32523616	1.26514343	3.81154037	1.83538570	3.26382332	3.19720117	0.58876306	1.54742239	1.63259557	0.93198427	2.51118561	1.85312940	3.96552633	2.80794430	2.27277812	0.93880694
2.66484572	3.86821956	1.59822210	4.59353477	5.82855905	5.58380028	1.76977763	4.99029976	4.96379312	3.52512021	3.36804978	3.95507806	0.54298202	5.48062606	3.57805949	3.00996266	3.10598717	0.00000000	4.61156161	3.91287998	4.05324950	2.23662892	3.81045493	4.58658440	0.15794250	0.57324663	3.30243600	1.85776365	2.83646696	3.68322959	2.45359575	4.60445771	1.21491850	3.97762014	5.04514068	4.04510307
2.64728174	3.39760785	3.01289706	3.88844589	5.35753880	5.11294724	4.55944617	1.98097611	3.43802705	4.07315297	2.89765316	3.74784945	5.15378822	5.00965196	1.68688380	5.13470986	2.63567752	4.61092752	0.00000000	3.44251909	3.58259187	2.37435920	5.67154795	3.18200260	4.52125829	5.05711872	2.04688780	2.75320969	1.77466928	2.01454924	2.15761640	2.46558167	5.82547647	0.63387080	4.57418607	3.57452538
1.25964112	1.68259270	3.56599294	1.37015394	2.39014924	1.67022909	3.17174255	1.76642339	1.74023580	2.68537076	0.77816397	2.36006076	3.76614195	2.43673578	1.75550456	3.74689381	0.80682084	3.91273167	3.44221984	0.00000000	1.79743137	2.07193532	4.28364907	1.36305314	4.07062092	3.66945839	1.39553994	2.35421801	2.43935016	1.42785290	3.31792109	1.38076854	4.43772980	3.61460956	2.74489855	1.28357139
1.38808576	0.18498043	3.70613951	3.16772832	1.77491859	1.53034010	2.28332176	3.56411290	3.53785119	0.88795737	1.01935257	0.56265260	3.80350628	1.42703536	2.15205723	1.94950772	1.32526208	4.05281571	3.58251079	1.79752820	0.00000000	2.21203914	2.48632980	3.16066248	4.21071733	3.47973739	1.87653868	2.49431700	2.57950231	2.25726406	3.45809800	3.17841456	2.85433866	3.75487745	0.99157100	0.51388606
0.82399971	2.02717374	1.49413652	2.51793423	3.98718543	3.74256082	2.18515094	2.75340753	2.72708315	1.69889615	1.52717653	2.11393833	2.77946497	3.63928947	1.34130463	2.76046958	1.26518371	2.23658029	2.37447253	2.07203540	2.21216683	0.00000000	3.29734814	2.34988933	2.14690357	2.68280234	1.06575923	0.37885341	0.59971919	1.44650206	1.24612066	2.36767242	3.45120228	1.74058776	3.20381973	2.20408454
3.02455932	2.60139269	3.46347821	5.65447814	2.01809380	2.74082743	2.04041616	6.05105226	6.02466852	1.59852740	3.50600715	1.92382356	3.56067686	1.84693666	4.63890462	0.80038151	3.81196339	3.81005146	5.67218138	4.28420198	2.48651436	3.29755896	0.00000000	5.64746984	3.96797345	3.23688928	4.36333378	2.91870169	3.89731687	4.74409315	3.51440459	5.66528232	2.61137588	5.03827814	1.53879073	3.00044337
2.62263989	3.04553740	3.30556650	0.70637671	3.75300524	2.90584187	4.53470751	1.20087375	0.37717862	4.04829353	2.14115537	3.72298005	5.12913770	3.79960180	1.49507249	5.10979841	1.83529312	4.58635241	3.18169734	1.36299916	3.16036610	2.34982178	5.64650921	0.00000000	4.49670675	5.03244658	1.28411140	2.72866307	2.17892001	1.16742822	3.05747445	0.71635103	5.80067165	3.35410240	4.10776880	2.64652348
2.82279016	4.02616735	1.50851702	4.51660775	5.98651233	5.74175130	1.92772417	4.90059733	4.87408764	3.68306936	3.52599468	4.11302742	0.63269130	5.63857872	3.48835476	3.16791292	3.26393091	0.15794301	4.52186247	4.07082440	4.21119790	2.14692209	3.96840795	4.49687868	0.00000000	0.73119173	3.21272997	1.76805662	2.74676211	3.59352440	2.36389192	4.51475349	1.35682346	3.88792006	5.20309307	4.20305041
2.40988449	3.29496793	2.04456072	5.03987727	5.25529723	5.01054263	1.19652834	5.43663346	5.41013249	2.95186607	2.89131480	3.38182351	0.32380552	4.90736539	4.02439746	2.43670642	3.19731591	0.57324273	5.05788918	3.66952806	3.47999672	2.68297081	3.23719359	5.03292424	0.73118428	0.00000000	3.74877640	2.30410591	3.28280515	4.12956841	2.89993204	5.05079474	0.76856587	4.42394947	4.47188050	3.47185230
1.33863691	1.76165304	2.17047152	1.84154584	3.31052239	3.06595513	3.25077871	1.68755621	1.66130973	2.76445728	0.85716856	2.43915143	3.84514136	2.96264226	0.35998986	3.82600202	0.58876435	3.30229829	2.04681311	1.39559847	1.87650361	1.06573878	4.36281035	1.28412227	3.21263457	3.74846681	0.00000000	1.44458712	1.04383316	0.38072114	1.92242376	1.30186680	4.51679354	2.21918451	2.82404776	1.52757327
1.10629343	2.30949985	1.21188172	2.80020929	4.26956471	4.02491834	1.80633774	3.13230556	3.10595162	1.96633260	1.80947466	2.39627968	2.40063331	3.92166274	1.72018038	2.38169254	1.54747052	1.85773285	2.75340248	2.35432888	2.49449892	0.37885533	2.91859775	2.72875538	1.76805119	2.30397521	1.44462232	0.00000000	0.97859380	1.82537338	0.96387795	2.74655311	3.07240292	2.11950852	3.48619047	2.48640623
1.19148929	2.39465193	1.23823037	2.88543036	4.35464495	4.11002798	2.78484857	2.15368011	2.43499243	2.29858489	1.89466456	2.48141117	3.37916907	4.00675110	0.74158503	3.36015449	1.63267571	2.83628994	1.77473389	2.43952506	2.57964292	0.59971242	3.89702369	2.17897080	2.74661496	3.28250486	1.04385946	0.97856515	0.00000000	1.01151130	0.87861316	1.76795109	4.05089504	1.17545678	3.57128225	2.57156429
1.71933810	2.14233715	2.13814159	1.87386509	3.34278670	3.09823090	3.63146922	1.30682099	1.42347313	3.14513446	1.23786742	2.81982751	4.22584159	2.99490973	0.32765816	4.20667346	0.93196971	3.68300684	2.01445284	1.42790801	2.25718457	1.44645149	4.74346775	1.16744471	3.59334572	4.12916466	0.38071680	1.82529881	1.01150207	0.00000000	1.89008746	0.92114073	4.89747675	2.18682909	3.20470835	1.74330935
2.07019979	3.27342426	0.85531787	3.76410526	5.23351871	4.98886023	2.40204898	2.53664155	3.31363613	2.93026432	2.77338348	3.36021256	2.99633428	4.88561340	1.56247049	2.97742393	2.51137304	2.45342503	2.15775626	3.31823511	3.45842665	1.24616604	3.51434397	3.05761911	2.36374063	2.89967871	1.92251344	0.96389526	0.87863201	1.89014957	0.00000000	2.34115319	3.66812188	1.52385718	4.45013971	3.45032817
2.64038079	3.06331256	3.00614084	1.42275794	3.77083659	2.92365023	4.55246984	0.48454105	0.97239993	4.06608258	2.15890094	3.74077131	5.14688052	3.81742681	1.02634194	5.12759897	1.85302673	4.60407854	2.46539839	1.38073981	3.17814758	2.36753957	5.66433794	0.71636650	4.51442767	5.05019419	1.30182099	2.74638289	1.76792134	0.92112128	2.34112743	0.00000000	5.81844861	2.63779373	4.12559112	2.66429396
3.17845773	2.75515559	2.81314236	5.80845454	4.62968481	4.38492550	1.26613707	6.20522065	6.17871329	2.32624500	3.65988709	2.75620290	0.94943604	4.28175168	4.79297984	1.81108770	3.96589064	1.21491966	5.82648326	4.43810136	2.85437410	3.45154878	2.61158063	5.80150452	1.35681928	0.76857187	4.51735604	3.07268346	4.05138728	4.89814983	3.66851630	5.81937818	0.00000000	5.19254157	3.84626623	3.15422479
2.36695063	3.57011496	2.37908526	4.06089073	5.53011074	5.28549265	3.92570655	2.15336495	3.61045194	3.43944419	3.07012613	3.65687499	4.52002609	5.18221658	1.85929981	4.50101436	2.80813669	3.97714614	0.63388201	3.61498639	3.75510626	1.74056821	5.03788494	3.35443044	3.88747089	4.42336212	2.21931926	2.11942104	1.17545919	2.18697066	1.52378985	2.63799167	5.19175374	0.00000000	4.74674760	3.74702709
2.37965162	1.17654845	4.69770278	4.11528603	0.78334703	1.20198125	3.27488897	4.51166755	4.48540781	1.51975759	1.96691182	1.08981716	4.79507227	0.43546419	3.09961336	2.03500608	2.27282058	5.04438064	4.57407021	2.74508714	0.99156842	3.20360354	1.53876531	4.10821926	5.20228193	4.47130368	2.82409566	3.48588153	3.57106543	3.20482049	4.44966046	4.12597036	3.84590680	4.74643748	0.00000000	1.46144689
1.38000411	0.39902902	3.69802809	2.65380658	1.78293476	1.53837292	2.27525562	3.05015602	3.02391693	1.40182998	0.67684004	1.07652362	3.79542602	1.43505612	1.88754559	2.46337201	0.93880021	4.04472337	3.57435531	1.28362055	0.51387810	2.20394076	3.00017370	2.64673007	4.20262121	3.47166059	1.52755890	2.48622009	2.57138919	1.74332762	3.44997732	2.66447095	3.15416910	3.74672900	1.46141262	0.00000000

DEMAND_SECTION
0 0
1 1
2 1
3 1
4 1
5 1
6 1
7 1
8 1
9 1
10 1
11 1
12 1
13 1
14 1
15 1
16 1
17 1
18 1
19 1
20 1
21 1
22 1
23 1
24 1
25 1
26 1
27 1
28 1
29 1
30 1
31 1
32 1
33 1
34 1
35 1

LOGISTIC_LOAD_SECTION
0	0
1	0
2	0
3	0
4	0
5	0
6	0
7	0
8	0
9	0
10	0
11	0
12	0
13	0
14	0
15	0
16	0
17	0
18	0
19	0
20	0
21	0
22	0
23	0
24	0
25	0
26	0
27	0
28	0
29	0
30	0
31	0
32	0
33	0
34	0
35	0

AVAILABILITY_LANDING_SPOT_SECTION
0	1
1	1
2	1
3	1
4	1
5	1
6	1
7	1
8	1
9	1
10	1
11	1
12	1
13	1
14	1
15	1
16	1
17	1
18	1
19	1
20	1
21	1
22	1
23	1
24	1
25	1
26	1
27	1
28	1
29	1
30	1
31	1
32	1
33	1
34	1
35	1

CUSTOMER_DRONE_PREFERENCE_SECTION
0	1
1	1
2	1
3	1
4	1
5	1
6	1
7	1
8	1
9	1
10	1
11	1
12	1
13	1
14	1
15	1
16	1
17	1
18	1
19	1
20	1
21	1
22	1
23	1
24	1
25	1
26	1
27	1
28	1
29	1
30	1
31	1
32	1
33	1
34	1
35	1

PRICE_SECTION
0	3
1	3
2	3
3	3
4	3
5	3
6	3
7	3
8	3
9	3
10	3
11	3
12	3
13	3
14	3
15	3
16	3
17	3
18	3
19	3
20	3
21	3
22	3
23	3
24	3
25	3
26	3
27	3
28	3
29	3
30	3
31	3
32	3
33	3
34	3
35	3

PRIORITY_DELIVERY_TIME_SECTION
0	0
1	0
2	0
3	0
4	0
5	0
6	0
7	0
8	0
9	0
10	0
11	0
12	0
13	0
14	0
15	0
16	0
17	0
18	0
19	0
20	0
21	0
22	0
23	0
24	0
25	0
26	0
27	0
28	0
29	0
30	0
31	0
32	0
33	0
34	0
35	0

EOF
