NAME: multi_modal_data
TYPE: MM

VEHICLES: 2
DIMENSION: 52

NUM_T: 2
NUM_D: 1

MAXIMUM_SYSTEM_DURATION: 300
UNIT: MIN

SERVICETIME: 5
UNIT: MIN

TAKEOFF_LANDING_TIME: 2
UNIT: MIN

MAX_WAITING_TIME: 99999999
UNIT: MIN

INIT_SOC: 100
MAX_SOC: 100
MIN_SOC_T: 3
MIN_SOC_D: 3
UNIT: %

DEMAND_T: 27
DEMAND_D: 0
UNIT: EA

MASS_T: 1940
MASS_D: 15
UNIT: KG

LIFT_TO_DRAG: 3
POWER_MOTOR_PROP: 0.5
UNIT: RATIO

POWER_ELEC: 0.1
UNIT: KW

CARGO_LIMIT_TRUCK: 99999999999999
UNIT: KG

CARGO_LIMIT_DRONE: 6
UNIT: KG

BATTERY_KWH_T: 100
BATTERY_KWH_D: 0.3
UNIT: KWH 

ENERGY_KWH/KM_T: 1.0
ENERGY_KWH/KM_D: 0.1
UNIT: KWH/KM

CHARGING_KW_D: 0.5
CHARGING_KW_T: 80
UNIT: KW 

LOSISTIC_KWH/KG_T: 0.001
LOSISTIC_KWH/KG_D: 0.001
UNIT: KWH/KG

SPEED_T: 0.3
SPEED_D: 1.0
UNIT: KM/MIN

ALTITUDE: 100
UNIT: M

CURVY_AIR: 1.0
UNIT: RATIO

CURVY_ROAD: 1.2
UNIT: RATIO

DEPOT_SECTION
0

EDGE_KM_D_TYPE: EUC_2D(haversine)
EDGE_KM_T_TYPE: MAN_2D(haversine)
EDGE_KM_D_FORMAT : FULL_MATRIX
EDGE_KM_T_FORMAT : FULL_MATRIX

NODE_COORD_SECTION
0	37.52431150	126.90991099
1	37.52839821	126.90231298
2	37.51629632	126.91600488
3	37.51084535	126.90116989
4	37.54031053	126.90629701
5	37.52556223	126.92674586
6	37.51071506	126.90856246
7	37.51199486	126.89729529
8	37.51360156	126.91145064
9	37.52383466	126.89339024
10	37.51879338	126.91361381
11	37.51478443	126.90098850
12	37.55254326	126.88506630
13	37.52457472	126.89318396
14	37.53650103	126.92569238
15	37.52935301	126.94456034
16	37.54529481	126.88596596
17	37.53361786	126.93328457
18	37.53345542	126.93788839
19	37.50570071	126.91453496
20	37.50614659	126.90305116
21	37.53624037	126.91428676
22	37.53313087	126.91961525
23	37.54335020	126.88465802
24	37.52982513	126.91339953
25	37.50606432	126.89610598
26	37.55104273	126.89002267
27	37.52778542	126.90896536
28	37.49856772	126.90874125
29	37.50089619	126.90486201
30	37.52254914	126.91244336
31	37.54664666	126.88372048
32	37.54075236	126.90815055
33	37.50224888	126.90479097
34	37.53023507	126.93625388
35	37.52703723	126.93792128
36	37.51301608	126.91224530
37	37.52250533	126.90407216
38	37.50557554	126.90257754
39	37.49425081	126.90811033
40	37.55174004	126.88435141
41	37.50346188	126.91347790
42	37.53903865	126.92761370
43	37.52680094	126.90582745
44	37.52128290	126.94616487
45	37.52407366	126.90444441
46	37.51215251	126.91680113
47	37.51600807	126.91454501
48	37.54303698	126.89900130
49	37.53597798	126.93648235
50	37.53908749	126.89301205
51	37.51318141	126.91173687

EDGE_KM_D
0.00000000	0.80959800	1.04075129	1.68417696	1.80733098	1.49112509	1.51652868	1.76455453	1.19860933	1.45790607	0.69507490	1.31965057	3.82798828	1.47541571	1.94261546	3.10656083	3.14673056	2.30633448	2.66842866	2.10923249	2.10851808	1.38141507	1.30154685	3.07246849	0.68594316	2.36629449	3.45111142	0.39518193	2.86444047	2.64147707	0.29711599	3.39133721	1.83472180	2.49447290	2.41461562	2.48865863	1.27275620	0.55270335	2.18144289	3.34637210	3.79221593	2.33962400	2.26240192	0.45421165	3.21491819	0.48281407	1.48230649	1.00970832	2.29366413	2.67824183	2.21811324	1.24804417
0.80959800	0.00000000	1.80800320	1.95439285	1.37038477	2.17757092	2.04206693	1.87688546	1.83207156	0.93629684	1.46077887	1.51828507	3.08553306	0.91041700	2.24985210	3.72700527	2.36801999	2.79207643	3.18705792	2.74440818	2.47512618	1.36937392	1.61393139	2.27762421	0.99043235	2.54303995	2.74123866	0.59057642	3.36511170	3.06634164	1.10503763	2.60861473	1.46699070	2.91587866	2.99994938	3.14373555	1.92167267	0.67337365	2.53787590	3.83129918	3.04049352	2.94246296	2.52527119	0.35720562	3.94729922	0.51629840	2.21266521	1.74980713	1.65374376	3.12868200	1.44408171	1.88513384
1.04075129	1.80800320	0.00000000	1.44203038	2.80413331	1.39960301	0.90335793	1.71811001	0.50113316	2.16344437	0.34866513	1.33505126	4.86693294	2.21316005	2.40360679	2.90683714	4.17297695	2.45598641	2.71382139	1.18529292	1.60598742	2.22284914	1.89880308	4.08540463	1.52178257	2.09166217	4.49182459	1.42038933	2.07284042	1.97444300	0.76294133	4.41517636	2.80620958	1.84885141	2.36456176	2.27206958	0.49294475	1.25865077	1.68040940	2.54834853	4.82939375	1.44442844	2.72818603	1.47308775	2.71713201	1.33692650	0.46609352	0.13268700	3.33009126	2.83735094	3.24556440	0.51153916
1.68417696	1.95439285	1.44203038	0.00000000	3.30743428	2.78676609	0.65221691	0.36487404	0.95717983	1.59903819	1.40914158	0.43829791	4.84917546	1.68127906	3.57984377	4.34501668	4.05846785	3.79913671	4.09963435	1.31036168	0.54819762	3.05154989	2.96426783	3.89665978	2.37009347	0.69436535	4.57655904	2.00519931	1.51982521	1.15324032	1.63776160	4.26796492	3.38201061	1.00783996	3.77124570	3.70776309	1.00626204	1.32155845	0.59898809	1.94415034	4.78301975	1.36115185	3.90720327	1.82111445	4.13469932	1.49900631	1.38636885	1.31196374	3.58465508	4.18426252	3.22173757	0.96755742
1.80733098	1.37038477	2.80413331	3.30743428	0.00000000	2.43735838	3.29693012	3.24709262	3.00447871	2.15676746	2.47807153	2.87672210	2.31378963	2.09728834	1.76180285	3.58716574	1.87624051	2.49323793	2.88793202	3.91641659	3.80963145	0.83732300	1.41999020	1.93756477	1.32347785	3.91263099	1.86621532	1.41246557	4.64659858	4.38450766	2.04799706	2.11148487	0.17064992	4.23435224	2.86922597	3.15504571	3.08000593	1.98954794	3.87626480	5.12411089	2.31485977	4.14604118	1.88480811	1.50277115	4.10314127	1.81283588	3.26518573	2.79848666	0.71110904	2.70474935	1.17920431	3.05453062
1.49112509	2.17757092	1.39960301	2.78676609	2.43735838	0.00000000	2.30161179	3.00372549	1.89432442	2.94782513	1.38121571	2.56837005	4.74404891	2.96177190	1.21988294	1.62652841	4.21235640	1.06528158	1.31748853	2.45710824	3.00472006	1.61766682	1.05055505	4.20533601	1.26880621	3.46459516	4.30254853	1.58734939	3.39585979	3.35384062	1.30505647	4.45971152	2.35404924	3.23572986	0.98640179	0.99906925	1.89254219	2.02824717	3.07943652	3.85019305	4.73766449	2.72185684	1.50046463	1.84984741	1.77742743	1.97366579	1.72991959	1.51210667	3.12419904	1.44170818	3.33318609	1.90983231
1.51652868	2.04206693	0.90335793	0.65221691	3.29693012	2.30161179	0.00000000	1.00394149	0.40977257	1.97959912	1.00268796	0.80686117	5.09169320	2.05296940	3.24089263	3.79133503	4.33075349	3.35247929	3.61700768	0.76708767	0.70312279	2.88283332	2.67635009	4.19671276	2.16734432	1.21436501	4.77295747	1.89847328	1.35081614	1.13955935	1.35968037	4.55656406	3.34019809	0.99845122	3.26733239	3.16203424	0.41350372	1.36953087	0.77800605	1.83117747	5.03663967	0.91567829	3.56954869	1.80486213	3.51848755	1.52916903	0.74405034	0.79046384	3.69161479	3.73546922	3.44003544	0.39192661
1.76455453	1.87688546	1.71811001	0.36487404	3.24709262	3.00372549	1.00394149	0.00000000	1.26124573	1.36083089	1.62572644	0.44980584	4.63593936	1.44505003	3.70093376	4.59360527	3.83520144	3.98178493	4.30235127	1.67398110	0.82501620	3.08442360	3.06564018	3.66032779	2.43885615	0.66773914	4.38903450	2.03525197	1.80237375	1.40304780	1.77826210	4.03477406	3.33790667	1.26948035	3.98981951	3.95415700	1.32350459	1.31268011	0.85240654	2.19159853	4.56447741	1.71401196	4.02386063	1.81017801	4.43217517	1.48373936	1.72055718	1.58552705	3.45500725	4.36517658	3.03615459	1.28059246
1.19860933	1.83207156	0.50113316	0.95717983	3.00447871	1.89432442	0.40977257	1.26124573	0.00000000	1.95751680	0.60801388	0.93208984	4.91555354	2.02093458	2.83920327	3.40500799	4.17969539	2.94302692	3.21087635	0.91969514	1.11178605	2.52971838	2.28782297	4.06502056	1.81215089	1.59195764	4.57198327	1.59233321	1.68868652	1.52764267	0.99877202	4.41373059	3.03302964	1.39234909	2.86456223	2.77163910	0.09566078	1.18477189	1.18702483	2.17178942	4.86770067	1.14157489	3.16732202	1.54922708	3.17857731	1.31823781	0.49867120	0.38221968	3.45227978	3.32624177	3.26726151	0.05310361
1.45790607	0.93629684	2.16344437	1.59903819	2.15676746	2.94782513	1.97959912	1.36083089	1.95751680	0.00000000	1.86957087	1.20904364	3.27553968	0.08427743	3.17763170	4.55399296	2.47443188	3.68235699	4.06719847	2.74662553	2.14346787	2.30182245	2.53311693	2.30258838	1.88606820	1.99043875	3.03993981	1.44205941	3.11881121	2.74401208	1.68635648	2.67604866	2.28753327	2.60235867	3.84634849	3.94316956	2.05242998	0.95356133	2.18605352	3.53654892	3.20365631	2.87592068	3.45910284	1.14532299	4.66285373	0.97521532	2.43937477	2.05870533	2.19177792	4.03270908	1.69636773	2.00535414
0.69507490	1.46077887	0.34866513	1.40914158	2.47807153	1.38121571	1.00268796	1.62572644	0.60801388	1.86957087	0.00000000	1.19943080	4.51882917	1.91298628	2.23863739	2.97100000	3.82458646	2.39298709	2.69082597	1.45810664	1.68687254	1.94092616	1.67980947	3.73840202	1.22682199	2.09476254	4.14563137	1.08064579	2.28969341	2.13455629	0.43018986	4.06700392	2.48880313	1.99749668	2.36748577	2.33144416	0.65364815	0.93727727	1.76288236	2.77185530	4.48093956	1.70483005	2.56746930	1.12442977	2.88410186	0.99933606	0.79013300	0.32041757	2.98789183	2.77816680	2.89702255	0.64560849
1.31965057	1.51828507	1.33505126	0.43829791	2.87672210	2.56837005	0.80686117	0.44980584	0.93208984	1.20904364	1.19943080	0.00000000	4.42711651	1.28797975	3.25226863	4.17014776	3.64206298	3.53518040	3.86001873	1.56458690	0.97756406	2.65844226	2.61917900	3.48756827	1.99877633	1.06096982	4.14607644	1.60773084	1.92853927	1.58164904	1.32894040	3.85628594	2.95577170	1.43367657	3.55305024	3.53065646	1.01214026	0.90057258	1.03353144	2.36808822	4.36329574	1.67293984	3.57580756	1.40267288	4.04935530	1.07694701	1.42506498	1.20338473	3.14642809	3.91805425	2.79242559	0.96462289
3.82798828	3.08553306	4.86693294	4.84917546	2.31378963	4.74404891	5.09169320	4.63593936	4.91555354	3.27553968	4.51882917	4.42711651	0.00000000	3.19126528	4.00138729	5.84505944	0.80988505	4.74356211	5.11797555	5.82091041	5.39734627	3.15009495	3.73334192	1.02285716	3.55272762	5.25911696	0.46770721	3.46682783	6.35458593	6.00236161	4.11709845	0.66632113	2.42090758	5.85674619	5.14988809	5.45540002	5.00616715	3.73689293	5.44608648	6.79294910	0.10931026	6.00522689	4.04050699	3.39767920	6.41133415	3.59733879	5.29169659	4.82293410	1.62068252	4.89302473	1.65208646	4.96865697
1.47541571	0.91041700	2.21316005	1.68127906	2.09728834	2.96177190	2.05296940	1.44505003	2.02093458	0.08427743	1.91298628	1.28797975	3.19126528	0.00000000	3.15851008	4.56168057	2.39026415	3.67636745	4.06395625	2.81970608	2.22626538	2.26836021	2.51748611	2.21897564	1.87587042	2.07433674	2.95628302	1.43676291	3.20089671	2.82724287	1.71333927	2.59226568	2.23106179	2.68532809	3.84990149	3.95471844	2.11613710	0.98740780	2.26926524	3.61979504	3.11942832	2.95216789	3.43568695	1.14213557	4.68669651	0.99460109	2.49930513	2.11103043	2.11602787	4.02314668	1.61382034	2.06938562
1.94261546	2.24985210	2.40360679	3.57984377	1.76180285	1.21988294	3.24089263	3.70093376	2.83920327	3.17763170	2.23863739	3.25226863	4.00138729	3.15851008	0.00000000	1.84384832	3.63655373	0.74225201	1.12745476	3.56339798	3.92166961	1.00609672	0.65389254	3.69728091	1.31377718	4.27347392	3.53617380	1.76486779	4.47510934	4.36456030	1.94210434	3.86871357	1.61731602	4.23131435	1.16307679	1.50672059	2.86805613	2.46104219	3.99759445	4.94733018	4.01945947	3.82846929	0.32911912	2.05712671	2.47440216	2.32812938	2.81869257	2.48171673	2.46301760	0.95317251	2.89581791	2.87026486
3.10656083	3.72700527	2.90683714	4.34501668	3.58716574	1.62652841	3.79133503	4.59360527	3.40500799	4.55399296	2.97100000	4.17014776	5.84505944	4.56168057	1.84384832	0.00000000	5.46208138	1.10159694	0.74446144	3.73223469	4.47897021	2.77715364	2.23941263	5.50637332	2.74832435	4.99686105	5.37949371	3.14371546	4.65822303	4.71932501	2.93158228	5.69862639	3.45162266	4.62454981	0.73901539	0.63958322	3.37965411	3.65079059	4.54979279	5.05679152	5.86324236	3.97538679	1.84196679	3.42738168	0.90844415	3.58601547	3.10669200	3.03460799	4.29564749	1.02471960	4.67245682	3.40781197
3.14673056	2.36801999	4.17297695	4.05846785	1.87624051	4.21235640	4.33075349	3.83520144	4.17969539	2.47443188	3.82458646	3.64206298	0.80988505	2.39026415	3.63655373	5.46208138	0.00000000	4.36947367	4.76355205	5.07256653	4.60646153	2.69234663	3.26064700	0.24505803	2.96815554	4.45294703	0.73239778	2.81126409	5.57054348	5.21057316	3.44204719	0.24856978	2.02009502	5.06622765	4.73968099	5.01080796	4.27233695	2.99508336	4.65319812	6.00244581	0.73067583	5.24634337	3.73727731	2.70108454	5.94187710	2.86756450	4.57983282	4.11777641	1.17636058	4.57287454	0.92862238	4.23266272
2.30633448	2.79207643	2.45598641	3.79913671	2.49323793	1.06528158	3.35247929	3.98178493	2.94302692	3.68235699	2.39298709	3.53518040	4.74356211	3.67636745	0.74225201	1.10159694	4.36947367	0.00000000	0.40635427	3.51720832	4.05470573	1.70033764	1.20654301	4.42194320	1.80345649	4.48756466	4.27817623	2.24040528	4.45820022	4.41842780	2.21191177	4.60392509	2.35385846	4.29906041	0.45830560	0.83821802	2.94796538	2.85708701	4.13003161	4.90835147	4.76167232	3.78092769	0.78316675	2.53708613	1.78083987	2.75575755	2.79466990	2.56228822	3.19911982	0.38519712	3.60269831	2.96226343
2.66842866	3.18705792	2.71382139	4.09963435	2.88793202	1.31748853	3.61700768	4.30235127	3.21087635	4.06719847	2.69082597	3.86001873	5.11797555	4.06395625	1.12745476	0.74446144	4.76355205	0.40635427	0.00000000	3.71034008	4.31980860	2.10400649	1.61168660	4.82064503	2.19682377	4.78073476	4.65127612	2.62722717	4.65380391	4.64671769	2.55059316	4.99613384	2.74474788	4.53452130	0.38600463	0.71367719	3.20617740	3.22104755	4.39419090	5.08942232	5.13943546	3.96964022	1.09826902	2.92240574	1.53776514	3.12825824	3.01156907	2.82872158	3.59046130	0.30667380	4.00618400	3.22508121
2.10923249	2.74440818	1.18529292	1.31036168	3.91641659	2.45710824	0.76708767	1.67398110	0.91969514	2.74662553	1.45810664	1.56458690	5.82091041	2.81970608	3.56339798	3.73223469	5.07256653	3.51720832	3.71034008	0.00000000	1.01419861	3.39593050	3.08283265	4.94655163	2.68438619	1.62612372	5.48564211	2.50436045	0.94355918	1.00672669	1.88252402	5.30226482	3.93802978	0.94134547	3.33342717	3.14376021	0.83813046	2.08404276	1.05486026	1.39362334	5.76994350	0.26583657	3.88231163	2.46873460	3.28406099	2.22841692	0.74473547	1.14612836	4.37177890	3.88343585	4.16954496	0.86766014
2.10851808	2.47512618	1.60598742	0.54819762	3.80963145	3.00472006	0.70312279	0.82501620	1.11178605	2.14346787	1.68687254	0.97756406	5.39734627	2.22626538	3.92166961	4.47897021	4.60646153	4.05470573	4.31980860	1.01419861	0.00000000	3.48990639	3.33724358	4.44349368	2.78663693	0.61270093	5.12272495	2.46202144	0.98089235	0.60527782	2.00319274	4.81525273	3.87418071	0.45977701	3.96857496	3.85414631	1.11407029	1.82123830	0.07601017	1.39601591	5.33120304	0.96699039	4.25078262	2.30967765	4.15848687	1.99718560	1.38454152	1.49338921	4.11754759	4.43802172	3.76834605	1.09491810
1.38141507	1.36937392	2.22284914	3.05154989	0.83732300	1.61766682	2.88283332	3.08442360	2.52971838	2.30182245	1.94092616	2.65844226	3.15009495	2.26836021	1.00609672	2.77715364	2.69234663	1.70033764	2.10400649	3.39593050	3.48990639	0.00000000	0.58335601	2.72937046	0.71761955	3.71884163	2.69917675	1.05074300	4.21746859	4.01703755	1.53105073	2.93288246	0.73786037	3.87135480	2.04888054	2.32177376	2.58869411	1.77310286	3.56272089	4.70070375	3.15215012	3.64550466	1.21556815	1.28768166	3.26627440	1.60734209	2.68761431	2.24984720	1.54515724	1.95729822	1.90237165	2.57388453
1.30154685	1.61393139	1.89880308	2.96426783	1.41999020	1.05055505	2.67635009	3.06564018	2.28782297	2.53311693	1.67980947	2.61917900	3.73334192	2.51748611	0.65389254	2.23941263	3.26064700	1.20654301	1.61168660	3.08283265	3.33724358	0.58335601	0.00000000	3.28503843	0.65994769	3.65471873	3.28242145	1.11141258	3.96111100	3.81320998	1.33583740	3.50355008	1.31912429	3.67440501	1.50210565	1.75069431	2.32918739	1.80959993	3.41263674	4.44076343	3.73474171	3.34315664	0.96380882	1.40486928	2.68648540	1.67452325	2.34585606	1.95577002	2.12529894	1.52059708	2.43743720	2.32454551
3.07246849	2.27762421	4.08540463	3.89665978	1.93756477	4.20533601	4.19671276	3.66032779	4.06502056	2.30258838	3.73840202	3.48756827	1.02285716	2.21897564	3.69728091	5.50637332	0.24505803	4.42194320	4.82064503	4.94655163	4.44349368	2.72937046	3.28503843	0.00000000	2.94689368	4.26715350	0.97741833	2.75484009	5.41364061	5.04575285	3.36936714	0.37575462	2.09131858	4.90304053	4.77741328	5.03463126	4.15877684	2.88149659	4.48779503	5.83827881	0.93330089	5.11198596	3.81755250	2.62118549	5.95285216	2.76376700	4.47980334	4.02359353	1.26506788	4.64230738	0.87589347	4.11771739
0.68594316	0.99043235	1.52178257	2.37009347	1.32347785	1.26880621	2.16734432	2.43885615	1.81215089	1.88606820	1.22682199	1.99877633	3.55272762	1.87587042	1.31377718	2.74832435	2.96815554	1.80345649	2.19682377	2.68438619	2.78663693	0.71761955	0.65994769	2.94689368	0.00000000	3.05072196	3.13280546	0.45203500	3.49987034	3.30371383	0.81343670	3.21661202	1.30021862	3.15894533	2.01584651	2.18451927	1.87185389	1.15717513	2.86037670	3.98310461	3.53518954	2.93147250	1.61879245	0.74762847	3.04158891	1.01619127	1.98787607	1.53970718	1.94164504	2.14730843	2.07182266	1.85650032
2.36629449	2.54303995	2.09166217	0.69436535	3.91263099	3.46459516	1.21436501	0.66773914	1.59195764	1.99043875	2.09476254	1.06096982	5.25911696	2.07433674	4.27347392	4.99686105	4.45294703	4.48756466	4.78073476	1.62612372	0.61270093	3.71884163	3.65471873	4.26715350	3.05072196	0.00000000	5.03006503	2.66831256	1.39184058	0.96272487	2.33160087	4.64285745	4.00072478	0.87574875	4.44536730	4.36348196	1.61991118	1.95852937	0.57343796	1.68730676	5.18361081	1.55948440	4.60052959	2.46006302	4.72841952	2.13332657	1.94692837	1.96665301	4.11909876	4.87276124	3.68213741	1.58971436
3.45111142	2.74123866	4.49182459	4.57655904	1.86621532	4.30254853	4.77295747	4.38903450	4.57198327	3.03993981	4.14563137	4.14607644	0.46770721	2.95628302	3.53617380	5.37949371	0.73239778	4.27817623	4.65127612	5.48564211	5.12272495	2.69917675	3.28242145	0.97741833	3.13280546	5.03006503	0.00000000	3.07854190	6.06397215	5.72754880	3.73451442	0.74002284	1.96558747	5.57975265	4.68703619	4.99610468	4.66037454	3.40645354	5.17553184	6.51333340	0.50593422	5.68070071	3.57286583	3.03446729	5.95448422	3.25729026	4.92709408	4.45555215	1.19123306	4.42543082	1.35523772	4.62496019
0.39518193	0.59057642	1.42038933	2.00519931	1.41246557	1.58734939	1.89847328	2.03525197	1.59233321	1.44205941	1.08064579	1.60773084	3.46682783	1.43676291	1.76486779	3.14371546	2.81126409	2.24040528	2.62722717	2.50436045	2.46202144	1.05074300	1.11141258	2.75484009	0.45203500	2.66831256	3.07854190	0.00000000	3.24892490	3.01177427	0.65809415	3.05831298	1.44364884	2.86330763	2.42174262	2.55482100	1.66755922	0.72864158	2.53307723	3.72964635	3.43580794	2.73378522	2.06632321	0.29758288	3.35928682	0.57384370	1.87063273	1.39898112	1.90996793	2.59179967	1.88633268	1.64218715
2.86444047	3.36511170	2.07284042	1.51982521	4.64659858	3.39585979	1.35081614	1.80237375	1.68868652	3.11881121	2.28969341	1.92853927	6.35458593	3.20089671	4.47510934	4.65822303	5.57054348	4.45820022	4.65380391	0.94355918	0.98089235	4.21746859	3.96111100	5.41364061	3.49987034	1.39184058	6.06397215	3.24892490	0.00000000	0.42912515	2.68653511	5.78362018	4.69101392	0.53757472	4.27640966	4.07989765	1.63604973	2.69341585	0.95018293	0.48323529	6.29157499	0.68611738	4.79811559	3.14989694	4.15645137	2.86134592	1.66951182	2.00571518	5.01881857	4.82601635	4.71432246	1.64631477
2.64147707	3.06634164	1.97444300	1.15324032	4.38450766	3.35384062	1.13955935	1.40304780	1.52764267	2.74401208	2.13455629	1.58164904	6.00236161	2.82724287	4.36456030	4.71932501	5.21057316	4.41842780	4.64671769	1.00672669	0.60527782	4.01703755	3.81320998	5.04575285	3.30371383	0.96272487	5.72754880	3.01177427	0.42912515	0.00000000	2.49883635	5.41812197	4.44128954	0.15054267	4.27886173	4.11720361	1.49678760	2.40383906	0.55798152	0.79255472	5.93587333	0.81182547	4.69195779	2.88173849	4.29078323	2.57748354	1.63576417	1.88497514	4.71426734	4.79524585	4.37338955	1.49460850
0.29711599	1.10503763	0.76294133	1.63776160	2.04799706	1.30505647	1.35968037	1.77826210	0.99877202	1.68635648	0.43018986	1.32894040	4.11709845	1.71333927	1.94210434	2.93158228	3.44204719	2.21191177	2.55059316	1.88252402	2.00319274	1.53105073	1.33583740	3.36936714	0.81343670	2.33160087	3.73451442	0.65809415	2.68653511	2.49883635	0.00000000	3.68704281	2.05920073	2.35603972	2.26701430	2.30159500	1.06017338	0.73827524	2.07831737	3.16976204	4.08302204	2.12437035	2.26967702	0.75095000	2.97726788	0.72550567	1.21826902	0.75058118	2.56805038	2.59293764	2.51352722	1.04350789
3.39133721	2.60861473	4.41517636	4.26796492	2.11148487	4.45971152	4.55656406	4.03477406	4.41373059	2.67604866	4.06700392	3.85628594	0.66632113	2.59226568	3.86871357	5.69862639	0.24856978	4.60392509	4.99613384	5.30226482	4.81525273	2.93288246	3.50355008	0.37575462	3.21661202	4.64285745	0.74002284	3.05831298	5.78362018	5.41812197	3.68704281	0.00000000	2.25139802	5.27493341	4.97847289	5.25299779	4.50681174	3.22898404	4.86024481	6.21055465	0.56908353	5.47221736	3.96129194	2.94436913	6.18643018	3.10472105	4.81884844	4.35830260	1.40573850	4.80079684	1.17371469	4.46661416
1.83472180	1.46699070	2.80620958	3.38201061	0.17064992	2.35404924	3.34019809	3.33790667	3.03302964	2.28753327	2.48880313	2.95577170	2.42090758	2.23106179	1.61731602	3.45162266	2.02009502	2.35385846	2.74474788	3.93802978	3.87418071	0.73786037	1.31912429	2.09131858	1.30021862	4.00072478	1.96558747	1.44364884	4.69101392	4.44128954	2.05920073	2.25139802	0.00000000	4.29163747	2.74011102	3.03593524	3.10520522	2.06060578	3.94224663	5.17074484	2.42798821	4.17305046	1.72661019	1.56479555	3.99042706	1.88316280	3.27038092	2.80863137	0.84572216	2.55385066	1.34753568	3.08202401
2.49447290	2.91587866	1.84885141	1.00783996	4.23435224	3.23572986	0.99845122	1.26948035	1.39234909	2.60235867	1.99749668	1.43367657	5.85674619	2.68532809	4.23131435	4.62454981	5.06622765	4.29906041	4.53452130	0.94134547	0.45977701	3.87135480	3.67440501	4.90304053	3.15894533	0.87574875	5.57975265	2.86330763	0.53757472	0.15054267	2.35603972	5.27493341	4.29163747	0.00000000	4.16947083	4.01696311	1.36593498	2.25330926	0.41827634	0.93631501	5.79083732	0.77808533	4.55920269	2.73159811	4.21864431	2.42700067	1.52808398	1.75527500	4.56408602	4.67743076	4.22594106	1.36131132
2.41461562	2.99994938	2.36456176	3.77124570	2.86922597	0.98640179	3.26733239	3.98981951	2.86456223	3.84634849	2.36748577	3.55305024	5.14988809	3.84990149	1.16307679	0.73901539	4.73968099	0.45830560	0.38600463	3.33342717	3.96857496	2.04888054	1.50210565	4.77741328	2.01584651	4.44536730	4.68703619	2.42174262	4.27640966	4.27886173	2.26701430	4.97847289	2.74011102	4.16947083	0.00000000	0.38478586	2.85466713	2.96527196	4.04230621	4.70873195	5.16326933	3.59137684	1.24044374	2.71013966	1.32468858	2.88756935	2.64312034	2.48353378	3.57989071	0.63890056	3.93790409	2.87592569
2.48865863	3.14373555	2.27206958	3.70776309	3.15504571	0.99906925	3.16203424	3.95415700	2.77163910	3.94316956	2.33144416	3.53065646	5.45540002	3.95471844	1.50672059	0.63958322	5.01080796	0.83821802	0.71367719	3.14376021	3.85414631	2.32177376	1.75069431	5.03463126	2.18451927	4.36348196	4.99610468	2.55482100	4.07989765	4.11720361	2.30159500	5.25299779	3.03593524	4.01696311	0.38478586	0.00000000	2.74926757	3.02731279	3.92584274	4.49500730	5.46392232	3.39409652	1.61461782	2.83032254	0.96846531	2.97055267	2.49176892	2.39878734	3.86553656	1.00223177	4.18055431	2.77607004
1.27275620	1.92167267	0.49294475	1.00626204	3.08000593	1.89254219	0.41350372	1.32350459	0.09566078	2.05242998	0.65364815	1.01214026	5.00616715	2.11613710	2.86805613	3.37965411	4.27233695	2.94796538	3.20617740	0.83813046	1.11407029	2.58869411	2.32918739	4.15877684	1.87185389	1.61991118	4.66037454	1.66755922	1.63604973	1.49678760	1.06017338	4.50681174	3.10520522	1.36593498	2.85466713	2.74926757	0.00000000	1.27787542	1.18815083	2.11824700	4.95890753	1.06792921	3.19524674	1.63397444	3.12963614	1.40894798	0.41314747	0.38964998	3.53658430	3.32981058	3.35872828	0.04846662
0.55270335	0.67337365	1.25865077	1.32155845	1.98954794	2.02824717	1.36953087	1.31268011	1.18477189	0.95356133	0.93727727	0.90057258	3.73689293	0.98740780	2.46104219	3.65079059	2.99508336	2.85708701	3.22104755	2.08404276	1.82123830	1.77310286	1.80959993	2.88149659	1.15717513	1.95852937	3.40645354	0.72864158	2.69341585	2.40383906	0.73827524	3.22898404	2.06060578	2.25330926	2.96527196	3.02731279	1.27787542	0.00000000	1.88711952	3.16189019	3.68659502	2.27424837	2.77293961	0.50210730	3.71469075	0.17745402	1.60796942	1.17263499	2.32639374	3.22683988	2.08590192	1.23768757
2.18144289	2.53787590	1.68040940	0.59898809	3.87626480	3.07943652	0.77800605	0.85240654	1.18702483	2.18605352	1.76288236	1.03353144	5.44608648	2.26926524	3.99759445	4.54979279	4.65319812	4.13003161	4.39419090	1.05486026	0.07601017	3.56272089	3.41263674	4.48779503	2.86037670	0.57343796	5.17553184	2.53307723	0.95018293	0.55798152	2.07831737	4.86024481	3.94224663	0.41827634	4.04230621	3.92584274	1.18815083	1.88711952	0.00000000	1.35053620	5.37899884	0.98984640	4.32670907	2.37750211	4.22260067	2.06348046	1.45220292	1.56842612	4.17745008	4.51325302	3.82065819	1.16960776
3.34637210	3.83129918	2.54834853	1.94415034	5.12411089	3.85019305	1.83117747	2.19159853	2.17178942	3.53654892	2.77185530	2.36808822	6.79294910	3.61979504	4.94733018	5.05679152	6.00244581	4.90835147	5.08942232	1.39362334	1.39601591	4.70070375	4.44076343	5.83827881	3.98310461	1.68730676	6.51333340	3.72964635	0.48323529	0.79255472	3.16976204	6.21055465	5.17074484	0.93631501	4.70873195	4.49500730	2.11824700	3.16189019	1.35053620	0.00000000	6.72715118	1.12838692	5.26888648	3.62501072	4.50583343	3.33188192	2.13310848	2.48499343	5.48394554	5.27164129	5.16038925	2.12915922
3.79221593	3.04049352	4.82939375	4.78301975	2.31485977	4.73766449	5.03663967	4.56447741	4.86770067	3.20365631	4.48093956	4.36329574	0.10931026	3.11942832	4.01945947	5.86324236	0.73067583	4.76167232	5.13943546	5.76994350	5.33120304	3.15215012	3.73474171	0.93330089	3.53518954	5.18361081	0.50593422	3.43580794	6.29157499	5.93587333	4.08302204	0.56908353	2.42798821	5.79083732	5.16326933	5.46392232	4.95890753	3.68659502	5.37899884	6.72715118	0.00000000	5.95111608	4.06723554	3.35792553	6.41683156	3.55003466	5.25020277	4.78275448	1.61388158	4.91896940	1.60074398	4.92079618
2.33962400	2.94246296	1.44442844	1.36115185	4.14604118	2.72185684	0.91567829	1.71401196	1.14157489	2.87592068	1.70483005	1.67293984	6.00522689	2.95216789	3.82846929	3.97538679	5.24634337	3.78092769	3.96964022	0.26583657	0.96699039	3.64550466	3.34315664	5.11198596	2.93147250	1.55948440	5.68070071	2.73378522	0.68611738	0.81182547	2.12437035	5.47221736	4.17305046	0.77808533	3.59137684	3.39409652	1.06792921	2.27424837	0.98984640	1.12838692	5.95111608	0.00000000	4.14774683	2.68147534	3.49840830	2.42647179	1.00983654	1.39824637	4.58201054	4.14596215	4.35320279	1.09162023
2.26240192	2.52527119	2.72818603	3.90720327	1.88480811	1.50046463	3.56954869	4.02386063	3.16732202	3.45910284	2.56746930	3.57580756	4.04050699	3.43568695	0.32911912	1.84196679	3.73727731	0.78316675	1.09826902	3.88231163	4.25078262	1.21556815	0.96380882	3.81755250	1.61879245	4.60052959	3.57286583	2.06632321	4.79811559	4.69195779	2.26967702	3.96129194	1.72661019	4.55920269	1.24044374	1.61461782	3.19524674	2.77293961	4.32670907	5.26888648	4.06723554	4.14774683	0.00000000	2.35419055	2.56400647	2.63497688	3.13798682	2.80825522	2.56158937	0.85282289	3.05086071	3.19798227
0.45421165	0.35720562	1.47308775	1.82111445	1.50277115	1.84984741	1.80486213	1.81017801	1.54922708	1.14532299	1.12442977	1.40267288	3.39767920	1.14213557	2.05712671	3.42738168	2.70108454	2.53708613	2.92240574	2.46873460	2.30967765	1.28768166	1.40486928	2.62118549	0.74762847	2.46006302	3.03446729	0.29758288	3.14989694	2.88173849	0.75095000	2.94436913	1.56479555	2.73159811	2.71013966	2.83032254	1.63397444	0.50210730	2.37750211	3.62501072	3.35792553	2.68147534	2.35419055	0.00000000	3.60982861	0.32686719	1.89466623	1.42525536	1.90305991	2.88934218	1.77299111	1.60159380
3.21491819	3.94729922	2.71713201	4.13469932	4.10314127	1.77742743	3.51848755	4.43217517	3.17857731	4.66285373	2.88410186	4.04935530	6.41133415	4.68669651	2.47440216	0.90844415	5.94187710	1.78083987	1.53776514	3.28406099	4.15848687	3.26627440	2.68648540	5.95285216	3.04158891	4.72841952	5.95448422	3.35928682	4.15645137	4.29078323	2.97726788	6.18643018	3.99042706	4.21864431	1.32468858	0.96846531	3.12963614	3.71469075	4.22260067	4.50583343	6.41683156	3.49840830	2.56400647	3.60982861	0.00000000	3.69239849	2.78169230	2.84972624	4.81115564	1.84365325	5.08805612	3.16724704
0.48281407	0.51629840	1.33692650	1.49900631	1.81283588	1.97366579	1.52916903	1.48373936	1.31823781	0.97521532	0.99933606	1.07694701	3.59733879	0.99460109	2.32812938	3.58601547	2.86756450	2.75575755	3.12825824	2.22841692	1.99718560	1.60734209	1.67452325	2.76376700	1.01619127	2.13332657	3.25729026	0.57384370	2.86134592	2.57748354	0.72550567	3.10472105	1.88316280	2.42700067	2.88756935	2.97055267	1.40894798	0.17745402	2.06348046	3.33188192	3.55003466	2.42647179	2.63497688	0.32686719	3.69239849	0.00000000	1.71604993	1.26407345	2.16256116	3.11988422	1.95022546	1.37133995
1.48230649	2.21266521	0.46609352	1.38636885	3.26518573	1.72991959	0.74405034	1.72055718	0.49867120	2.43937477	0.79013300	1.42506498	5.29169659	2.49930513	2.81869257	3.10669200	4.57983282	2.79466990	3.01156907	0.74473547	1.38454152	2.68761431	2.34585606	4.47980334	1.98787607	1.94692837	4.92709408	1.87063273	1.66951182	1.63576417	1.21826902	4.81884844	3.27038092	1.52808398	2.64312034	2.49176892	0.41314747	1.60796942	1.45220292	2.13310848	5.25020277	1.00983654	3.13798682	1.89466623	2.78169230	1.71604993	0.00000000	0.47264963	3.77592289	3.16720207	3.65668635	0.46109710
1.00970832	1.74980713	0.13268700	1.31196374	2.79848666	1.51210667	0.79046384	1.58552705	0.38221968	2.05870533	0.32041757	1.20338473	4.82293410	2.11103043	2.48171673	3.03460799	4.11777641	2.56228822	2.82872158	1.14612836	1.49338921	2.24984720	1.95577002	4.02359353	1.53970718	1.96665301	4.45555215	1.39898112	2.00571518	1.88497514	0.75058118	4.35830260	2.80863137	1.75527500	2.48353378	2.39878734	0.38964998	1.17263499	1.56842612	2.48499343	4.78275448	1.39824637	2.80825522	1.42525536	2.84972624	1.26407345	0.47264963	0.00000000	3.30328274	2.94506974	3.19244490	0.40016926
2.29366413	1.65374376	3.33009126	3.58465508	0.71110904	3.12419904	3.69161479	3.45500725	3.45227978	2.19177792	2.98789183	3.14642809	1.62068252	2.11602787	2.46301760	4.29564749	1.17636058	3.19911982	3.59046130	4.37177890	4.11754759	1.54515724	2.12529894	1.26506788	1.94164504	4.11909876	1.19123306	1.90996793	5.01881857	4.71426734	2.56805038	1.40573850	0.84572216	4.56408602	3.57989071	3.86553656	3.53658430	2.32639374	4.17745008	5.48394554	1.61388158	4.58201054	2.56158937	1.90305991	4.81115564	2.16256116	3.77592289	3.30328274	0.00000000	3.39665319	0.68681515	3.50461275
2.67824183	3.12868200	2.83735094	4.18426252	2.70474935	1.44170818	3.73546922	4.36517658	3.32624177	4.03270908	2.77816680	3.91805425	4.89302473	4.02314668	0.95317251	1.02471960	4.57287454	0.38519712	0.30667380	3.88343585	4.43802172	1.95729822	1.52059708	4.64230738	2.14730843	4.87276124	4.42543082	2.59179967	4.82601635	4.79524585	2.59293764	4.80079684	2.55385066	4.67743076	0.63890056	1.00223177	3.32981058	3.22683988	4.51325302	5.27164129	4.91896940	4.14596215	0.85282289	2.88934218	1.84365325	3.11988422	3.16720207	2.94506974	3.39665319	0.00000000	3.84845467	3.34481324
2.21811324	1.44408171	3.24556440	3.22173757	1.17920431	3.33318609	3.44003544	3.03615459	3.26726151	1.69636773	2.89702255	2.79242559	1.65208646	1.61382034	2.89581791	4.67245682	0.92862238	3.60269831	4.00618400	4.16954496	3.76834605	1.90237165	2.43743720	0.87589347	2.07182266	3.68213741	1.35523772	1.88633268	4.71432246	4.37338955	2.51352722	1.17371469	1.34753568	4.22594106	3.93790409	4.18055431	3.35872828	2.08590192	3.82065819	5.16038925	1.60074398	4.35320279	3.05086071	1.77299111	5.08805612	1.95022546	3.65668635	3.19244490	0.68681515	3.84845467	0.00000000	3.32034827
1.24804417	1.88513384	0.51153916	0.96755742	3.05453062	1.90983231	0.39192661	1.28059246	0.05310361	2.00535414	0.64560849	0.96462289	4.96865697	2.06938562	2.87026486	3.40781197	4.23266272	2.96226343	3.22508121	0.86766014	1.09491810	2.57388453	2.32454551	4.11771739	1.85650032	1.58971436	4.62496019	1.64218715	1.64631477	1.49460850	1.04350789	4.46661416	3.08202401	1.36131132	2.87592569	2.77607004	0.04846662	1.23768757	1.16960776	2.12915922	4.92079618	1.09162023	3.19798227	1.60159380	3.16724704	1.37133995	0.46109710	0.40016926	3.50461275	3.34481324	3.32034827	0.00000000

EDGE_KM_T
0.00000000	1.12447720	1.42865755	2.26823231	2.09772503	1.62371241	1.63078276	2.48210628	1.32667159	1.50995955	0.94013232	1.84622275	5.33024356	1.50439610	2.74714828	3.61625597	4.44491191	3.09609591	3.48403640	2.47720862	2.62480489	1.71232226	1.83647193	4.34402527	0.92073656	3.24643649	4.72629755	0.46967652	2.96573968	3.04892791	0.41929099	4.79325591	1.98339359	2.90478083	2.98180518	2.77326605	1.46185403	0.71575395	2.73007190	3.50139854	5.30397412	2.63293491	3.19875723	0.63693401	3.53393199	0.50853504	1.95964942	1.33196677	3.04428813	3.64053622	3.13330600	1.39863239
1.12444049	0.00000000	2.55306860	2.05259270	1.67591750	2.46992224	2.51737949	2.26644794	2.45110464	1.29428235	2.06455492	1.63058226	4.20568305	1.23018167	2.96266942	3.83168595	3.32035574	3.31158037	3.69949862	3.60162678	2.53936518	1.92789851	2.05202244	3.21946279	1.13631709	3.03077241	3.60176098	0.65476854	3.88386984	3.28287088	1.54371925	3.66868889	1.88849818	3.12619396	3.19727530	3.29139651	2.58628325	0.81039002	2.56109820	4.30825202	4.17941015	3.75735817	3.41426909	0.48752621	4.65819732	0.66882507	3.08405662	2.45638487	1.91979494	3.85600523	2.00878387	2.52306406
1.42871528	2.55326446	0.00000000	1.91453381	3.52647455	1.97765321	1.27701423	2.12844448	0.70131826	2.83278604	0.48854788	1.49252597	6.75919421	2.93326984	3.10107910	3.97036555	5.87385403	3.45009866	3.83808277	1.30782402	2.27108857	2.36921371	2.19034518	5.77297979	1.73412325	2.89278596	6.15520124	1.89840076	2.61196945	2.69519443	1.00940030	6.22221930	3.41212555	2.55104802	3.33583606	3.12731272	0.69633307	1.74284928	2.37636006	3.14763428	6.73293154	1.65000110	3.55270626	2.06568798	3.21452557	1.88440890	0.53099941	0.16080974	4.47310677	3.99456927	4.56218138	0.72279241
2.26837143	2.05261641	1.91462938	0.00000000	3.72861657	3.89235178	0.66654361	0.46957563	1.21328178	2.13054461	1.98138738	0.45400496	6.05700640	2.23102974	5.01577088	5.88517886	5.17166043	5.36483934	5.75285310	1.75091480	0.68841496	3.98076334	4.10499781	5.07079461	3.18916351	0.97828477	5.45298151	2.57124601	2.03303767	1.43195822	2.29577113	5.52004017	3.94123570	1.27527983	5.25059587	5.04208327	1.21827209	1.55252455	0.71013814	2.45740676	6.03074834	1.90662426	5.46741041	2.18499881	5.12934922	1.75974938	1.52408948	1.75381024	3.77082919	5.90933055	3.85994238	1.19180948
2.09765667	1.67586139	3.52619894	3.72843798	0.00000000	3.44290130	3.49061466	3.94223866	3.42429913	2.97001807	3.03771895	3.30642499	3.23211694	2.90591448	2.13367574	4.59207542	2.34680230	3.12366847	3.54764657	4.57477783	4.08504615	1.15703402	1.97260360	2.24589093	1.79214966	4.70654637	2.62826468	1.62799804	4.85710250	4.50920342	2.51689976	2.69510383	0.21255457	4.36505499	3.76161988	4.26421818	3.55946655	2.17601452	4.19030419	5.28149356	3.20583397	4.73052410	2.02090579	1.54360140	5.63090289	1.96880266	4.05717575	3.42953578	0.94642510	3.14318086	1.30732286	3.49625452
1.62368752	2.47000415	1.97753558	3.89190691	3.44325788	0.00000000	3.25446829	4.10577514	2.67880396	3.13362264	1.91073598	3.46989707	6.67574500	3.06952265	1.30924393	1.99251724	5.79041467	1.47237383	1.86030752	3.28534350	4.24848227	2.28608454	1.47042204	5.68952610	1.65098437	4.87010359	6.07180632	1.81521331	4.58942547	4.67260797	1.59633187	6.13875535	3.32892918	4.52846078	1.35807872	1.14953712	2.67382747	2.33943284	4.35374857	5.12508339	6.64947450	3.62750900	1.57504354	1.98246616	2.18834021	2.13221448	2.36808932	2.13832932	4.38981019	2.01680942	4.47881920	2.70028124
1.63080443	2.51751011	1.27706332	0.66654474	3.49069392	3.25478738	0.00000000	1.13612097	0.57571502	2.79709055	1.34382096	1.12054974	6.72355362	2.89757571	4.37820632	5.24761721	5.83820751	4.72727595	5.11529042	1.08437211	0.99411069	3.34319702	3.46743231	5.73734190	2.55159705	1.61585389	6.11952797	1.93367887	1.36649409	1.41820461	1.65820452	6.18658760	3.37633270	1.27405867	4.61303294	4.40452060	0.58070545	1.70708333	1.09938531	1.87062304	6.69729567	1.24008141	4.82984614	2.02991045	4.49178781	1.84864049	0.88652355	1.11624395	4.43737426	5.27176765	4.52648838	0.55424276
2.48228993	2.26654523	2.12853959	0.46957036	3.94253997	4.10624740	1.13610392	0.00000000	1.42719818	1.66096368	2.19530085	0.63593729	5.58741417	1.76144853	5.22966793	6.09905028	4.70206942	5.57872608	5.96673359	2.22046701	1.15798276	4.19467589	4.31890312	4.60120182	3.40307727	0.76434752	4.98339600	2.78516579	2.50259774	1.90152357	2.50968618	5.05044611	4.15515659	1.74484527	5.46447857	5.25596371	1.43218742	1.76645098	1.17970659	2.92696769	5.56115513	2.37617790	5.68130485	2.39892285	5.34321845	1.97367530	1.73799862	1.96772243	3.60220469	6.12321294	3.39036094	1.40572549
1.32669108	2.45126445	0.70133276	1.21324829	3.42446185	2.67902018	0.57570517	1.42717131	0.00000000	2.73081446	0.76809856	1.05429956	6.65724913	2.83129891	3.80244272	4.67178925	5.77190609	4.15148645	4.53948522	1.15057608	1.56979706	2.76747232	2.89168944	5.67103602	1.97587538	2.19151657	6.05324038	1.79637957	1.91065982	1.99389716	1.08248611	6.12027852	3.31010696	1.84975097	4.03723331	3.82871528	0.13519251	1.64084367	1.67507006	2.44632666	6.63098874	1.30628898	4.25407599	1.96367678	3.91595438	1.78240210	0.63304556	0.54051838	4.37111731	4.69596725	4.46021100	0.07196443
1.50996886	1.29433049	2.83258455	2.13042518	2.97026948	3.13369075	2.79685529	1.66090904	2.73059602	0.00000000	2.34405797	1.67642300	3.92633400	0.10048196	4.25712603	5.12624433	3.04100184	4.60607793	4.99402101	3.88113480	2.81881125	3.22229359	3.34644626	2.94011594	2.43070739	2.21547256	3.32238520	1.81285796	4.16334661	3.56232672	1.82321598	3.38934711	3.18286016	3.40564942	4.49178887	4.28325067	2.86577892	1.08984160	2.84054171	4.58772539	3.90006496	4.03686048	4.70873606	1.42665894	4.93787595	1.00143074	3.36357686	2.73589295	2.63003629	5.15052004	1.72939196	2.80255699
0.94015647	2.06468323	0.48854082	1.98127050	3.03790508	1.91084105	1.34377273	2.19516973	0.76808528	2.34417848	0.00000000	1.55926212	6.27056208	2.44466167	3.03427004	3.90350081	5.38522456	3.38326719	3.77123772	1.53708231	2.33783080	1.99936963	2.12355406	5.28434646	1.24557474	2.95950770	5.66658374	1.40983916	2.67872848	2.76194201	0.52084897	5.73358320	2.92356155	2.61779539	3.26899584	3.06046757	0.76310244	1.25427324	2.44310090	3.21439145	6.24429730	1.71677411	3.48589153	1.57711712	3.14765609	1.39583396	1.01953788	0.39184052	3.98451576	3.92772837	4.07357270	0.78956028
1.84632322	1.63060357	1.49255280	0.45400412	3.30658518	3.47022520	1.12051331	0.63592512	1.05428494	1.67650428	1.55932194	0.00000000	5.60292732	1.77698844	4.59364920	5.46296935	4.71758553	4.94268232	5.33067465	2.20485670	1.14241032	3.55869476	3.68290443	4.61671363	2.76709906	1.40026872	4.99892550	2.14920220	2.48700654	1.88594515	1.87371113	5.06595482	3.51919568	1.72926709	4.82842503	4.61990467	1.18947633	1.13050352	1.16413571	2.91137857	5.57666593	2.36057108	5.04527979	1.76296961	4.70713224	1.33772662	1.68732301	1.33174045	3.31681497	5.48715864	3.40590029	1.12624896
5.32941417	4.20519062	6.75786827	6.05621251	3.23180978	6.67441522	6.72239167	5.58682790	6.65603435	3.92605143	6.26942287	5.60221649	0.00000000	3.82557648	5.36520490	7.82333158	0.88530162	6.35508778	6.77899926	7.80646842	6.74453472	4.38872820	5.20422069	1.05821540	5.02385668	6.14143180	0.60378055	4.85976922	8.08887692	7.48798872	5.74862061	0.77431356	3.34607934	7.33131383	6.99299622	7.49557040	6.79119027	5.01553041	6.76628126	8.51327711	0.15233530	7.96222999	5.25240715	4.69261648	8.86213582	4.87395483	7.28883356	6.66122623	2.28549024	6.37455390	2.19667231	6.72798560
