NAME: multi_modal_data
TYPE: MM

VEHICLES: 2
DIMENSION: 51

NUM_T: 2
NUM_D: 1

MAXIMUM_SYSTEM_DURATION: 300
UNIT: MIN

SERVICETIME: 5
UNIT: MIN

TAKEOFF_LANDING_TIME: 2
UNIT: MIN

MAX_WAITING_TIME: 99999999
UNIT: MIN

INIT_SOC: 100
MAX_SOC: 100
MIN_SOC_T: 3
MIN_SOC_D: 3
UNIT: %

DEMAND_T: 26
DEMAND_D: 0
UNIT: EA

MASS_T: 1940
MASS_D: 15
UNIT: KG

LIFT_TO_DRAG: 3
POWER_MOTOR_PROP: 0.5
UNIT: RATIO

POWER_ELEC: 0.1
UNIT: KW

CARGO_LIMIT_TRUCK: 99999999999999
UNIT: KG

CARGO_LIMIT_DRONE: 6
UNIT: KG

BATTERY_KWH_T: 100
BATTERY_KWH_D: 0.3
UNIT: KWH 

ENERGY_KWH/KM_T: 1.0
ENERGY_KWH/KM_D: 0.1
UNIT: KWH/KM

CHARGING_KW_D: 0.5
CHARGING_KW_T: 80
UNIT: KW 

LOSISTIC_KWH/KG_T: 0.001
LOSISTIC_KWH/KG_D: 0.001
UNIT: KWH/KG

SPEED_T: 0.3
SPEED_D: 1.0
UNIT: KM/MIN

ALTITUDE: 100
UNIT: M

CURVY_AIR: 1.0
UNIT: RATIO

CURVY_ROAD: 1.0
UNIT: RATIO

DEPOT_SECTION
0

EDGE_KM_D_TYPE: EUC_2D(haversine)
EDGE_KM_T_TYPE: MAN_2D(haversine)
EDGE_KM_D_FORMAT : FULL_MATRIX
EDGE_KM_T_FORMAT : FULL_MATRIX

NODE_COORD_SECTION
0	37.49811930	126.95284193
1	37.50720551	126.92841527
2	37.49001040	126.90911696
3	37.48289339	126.96618136
4	37.49638874	126.94169519
5	37.50299056	126.95578384
6	37.49235808	126.93645823
7	37.49845442	126.92599497
8	37.51190916	126.96329396
9	37.48316180	126.98146175
10	37.48537861	126.90710132
11	37.51438480	126.94217363
12	37.49788621	126.94289985
13	37.50830358	126.92403219
14	37.47790077	126.97670239
15	37.49544500	126.94286947
16	37.50791911	126.96788281
17	37.50345286	126.93513442
18	37.50624983	126.96776417
19	37.48455557	126.97166202
20	37.50709411	126.95680635
21	37.50185699	126.92808962
22	37.49412133	126.91865920
23	37.49766704	126.97975199
24	37.49729494	126.98072418
25	37.49436186	126.97146549
26	37.50341166	126.95877755
27	37.48990021	126.91404314
28	37.51205408	126.94950463
29	37.48831253	126.96547077
30	37.50473325	126.94523433
31	37.50559159	126.97016644
32	37.50684322	126.93502934
33	37.51325054	126.93944177
34	37.49384801	126.97163445
35	37.49440484	126.94889018
36	37.49526061	126.95237138
37	37.48421590	126.96166881
38	37.51155680	126.95552323
39	37.49801462	126.97875160
40	37.50710321	126.96742509
41	37.49965776	126.97161736
42	37.48531689	126.97774860
43	37.49603916	126.96874923
44	37.50364207	126.97004859
45	37.49965142	126.94423537
46	37.49523817	126.97824884
47	37.49865344	126.94159949
48	37.49920677	126.94343705
49	37.47858723	126.98119501
50	37.50222613	126.92916346

EDGE_KM_D
0.00000000	2.37987800	3.96156739	2.06192465	1.00201840	0.60062373	1.58101529	2.36870499	1.78920749	3.02360986	4.27699223	2.03881405	0.87746605	2.78228909	3.08000415	0.92867525	1.71692886	1.67088033	1.59691826	2.24316809	1.05745786	2.22277535	3.04824462	2.37452423	2.46147114	1.69528920	0.78771159	3.54289333	1.57719680	1.55900891	0.99561786	1.73953981	1.84663441	2.05622806	1.72459707	0.54049470	0.32057058	1.73106008	1.51278842	2.28576250	1.62875969	1.66514747	2.61825444	1.42228306	1.63742248	0.77813462	2.26420058	0.99357230	0.83845025	3.31286707	2.13817254
2.37987800	0.00000000	2.56011555	4.29061851	1.67899909	2.45928026	1.79696940	0.99622528	3.12064028	5.38974080	3.07021858	1.45257628	1.64513192	0.40544441	5.36350023	1.82645623	3.48225858	0.72485372	3.47255439	4.57162193	2.50436633	0.59542211	1.69039376	4.65116738	4.74416032	4.05737556	2.71129757	2.30441737	1.93675300	3.88585797	1.50886155	3.68721579	0.58480748	1.18226760	4.09173444	2.29965171	2.49603443	3.89119420	2.43954379	4.55645454	3.44101750	3.90230250	4.98658415	3.76848599	3.69381241	1.62882944	4.59308612	1.50230872	1.59593471	5.63999767	0.55760144
3.96156739	2.56011555	0.00000000	5.09677613	2.96042766	4.36267361	2.42633311	1.76035249	5.36384267	6.42845101	0.54487323	3.98111564	3.10646424	2.42258486	6.11359495	3.03853185	5.55352384	2.73907920	5.47987371	5.55170943	4.61608368	2.12998707	0.95797214	6.28961238	6.36922560	5.52201475	4.62759070	0.43480326	4.32456711	4.97566745	3.58224605	5.65757312	2.95448375	3.71943790	5.53218214	3.54289850	3.86054690	4.68131813	4.74332470	6.20758727	5.48377453	5.61735892	6.07792427	5.30360748	5.58505605	3.27848104	6.12684692	3.02258809	3.19585158	6.48544814	2.22997080
2.06192465	4.29061851	5.09677613	0.00000000	2.63042998	2.41565692	2.82581208	3.94525090	3.23645080	1.34862617	5.22029013	4.09236590	2.64548661	4.67017862	1.08170238	2.48563004	2.78678247	3.56778331	2.60087334	0.51770830	2.81523845	3.96744578	4.37483712	2.03278591	2.05201172	1.35778989	2.37319579	4.66582617	3.56068296	0.60583487	3.05168541	2.54829775	3.82693320	4.11814074	1.30967675	1.99146252	1.83731741	0.42446048	3.32303082	2.01423020	2.69424886	1.92482421	1.05562007	1.47919871	2.33224309	2.68724932	1.73719867	2.78832736	2.70503724	1.40867589	3.90993025
1.00201840	1.67899909	2.96042766	2.63042998	0.00000000	1.44346675	0.64369205	1.40399026	2.57068620	3.80436624	3.28852547	2.00151858	0.19753658	2.04524977	3.71034248	0.14746029	2.64206640	0.97569479	2.54772036	2.95323893	1.78717234	1.34548547	2.04787414	3.36039729	3.44463941	2.63606156	1.69727529	2.54405658	1.87318199	2.28177477	0.97898676	2.71207884	1.30274814	1.88545722	2.65638967	0.67200005	0.95019019	2.22207489	2.08148606	3.27412287	2.56344336	2.66462345	3.41084988	2.38706325	2.62807048	0.42642377	3.22737054	0.25196465	0.34900203	4.00803899	1.28198857
0.60062373	2.45928026	4.36267361	2.41565692	1.44346675	0.00000000	2.07472093	2.67582823	1.19261193	3.16126829	4.72036638	1.74541626	1.27041638	2.86245181	3.34508482	1.41489412	1.19973944	1.82227581	1.11721894	2.48281453	0.46512434	2.44627054	3.42035275	2.19568741	2.28949632	1.68357117	0.26820375	3.95965831	1.14999087	1.84232869	0.95055902	1.30126513	1.88023233	1.83833060	1.72881311	1.13193431	0.91072506	2.15124306	0.95280136	2.10032312	1.12411141	1.44508744	2.75993497	1.38046766	1.26042120	1.08430523	2.16117941	1.34100692	1.16761908	3.51989902	2.34982499
1.58101529	1.79696940	2.42633311	2.82581208	0.64369205	2.07472093	0.00000000	1.14526275	3.21407988	4.10028454	2.70393349	2.50061547	0.83714964	2.08455316	3.89787010	0.66162949	3.26786368	1.23920021	3.16437911	3.22494829	2.43046349	1.28867587	1.58251125	3.86485069	3.94367282	3.09653647	2.32113139	1.99642262	2.47407649	2.59895722	1.57890643	3.31784112	1.61560089	2.33799970	3.10784539	1.12017053	1.44054652	2.40154699	2.71769683	3.78387716	3.18607031	3.20624235	3.72623969	2.87809084	3.21801118	1.06228266	3.70083048	0.83411406	0.97929184	4.23391068	1.27207356
2.36870499	0.99622528	1.76035249	3.94525090	1.40399026	2.67582823	1.14526275	0.00000000	3.61435682	5.18073496	2.21193189	2.27473743	1.49267208	1.10878086	5.02391271	1.52582472	3.84201508	0.97925831	3.78522259	4.31531045	2.88277266	0.42106188	0.80683329	4.74321342	4.82990422	4.03719530	2.94400818	1.42006755	2.56660588	3.66077578	1.83519578	3.97656529	1.22688396	2.02825152	4.05883373	2.06942751	2.35388896	3.52318561	2.98448976	4.65439812	3.77911859	4.02694404	4.79403638	3.78134014	3.92880067	1.61462892	4.62372525	1.37678800	1.54098435	5.34793237	0.50400507
1.78920749	3.12064028	5.36384267	3.23645080	2.57068620	1.19261193	3.21407988	3.61435682	0.00000000	3.57587291	5.76862829	1.88307363	2.38069753	3.48621583	3.96226789	2.56859902	0.60056484	2.65591593	0.74261535	3.12989004	0.78366225	3.30037408	4.40626394	2.14840314	2.23713443	2.08006841	1.02543013	4.98655048	1.21636425	2.63084701	1.78165579	0.92787834	2.55595238	2.10909462	2.13883916	2.32441007	2.08696642	3.08268951	0.68652166	2.06064751	0.64680788	1.54754943	3.22016844	1.82910367	1.09545796	2.16427148	2.27522373	2.41552933	2.25012179	4.02776331	3.19734754
3.02360986	5.38974080	6.42845101	1.34862617	3.80436624	3.16126829	4.10028454	5.18073496	3.57587291	0.00000000	6.56586332	4.90575358	3.77570787	5.78667106	0.72013713	3.66870550	3.00225341	4.66863274	2.83747129	0.87846855	3.43701841	5.14725798	5.67351899	1.61995047	1.57288203	1.52606504	3.01252952	5.99554324	4.27428158	1.52275840	3.99608989	2.68579299	4.86975814	4.99353924	1.47097053	3.13394892	2.89784885	1.75038394	3.89940856	1.66878018	2.93609451	2.02951017	0.40591626	1.81888902	2.48998306	3.76152761	1.37242706	3.91616048	3.79972498	0.50921370	5.07772078
4.27699223	3.07021858	0.54487323	5.22029013	3.28852547	4.72036638	2.70393349	2.21193189	5.76862829	6.56586332	0.00000000	4.46940227	3.45104694	2.95451151	6.19753881	3.34839510	5.91905374	3.18681518	5.83332694	5.69723170	5.00591912	2.60501581	1.40888001	6.55377678	6.62931109	5.76596676	4.98054524	0.79241936	4.77404354	5.16040648	3.99369070	6.00057965	3.43033493	4.21245812	5.77106881	3.82115567	4.14250024	4.81649472	5.16922326	6.47574299	5.84444485	5.90928622	6.23351640	5.56674512	5.91309784	3.64035052	6.37225407	3.38270052	3.55544395	6.58136793	2.70148571
2.03881405	1.45257628	3.98111564	4.09236590	2.00151858	1.74541626	2.50061547	2.27473743	1.88307363	4.90575358	4.46940227	0.00000000	1.83567995	1.73715127	5.07318525	2.10690711	2.37889085	1.36497267	2.43171434	4.21531111	1.52415372	1.86651501	3.06258589	3.80044899	3.89549705	3.41080256	1.90624324	3.68378713	0.69660904	3.55366584	1.10664065	2.65565957	1.04896442	0.27196505	3.45955993	2.29931809	2.30895453	3.76979475	1.21872477	3.70458283	2.36989169	3.07035202	4.50513525	3.10755741	2.73356286	1.64834283	3.82875355	1.74998341	1.69139769	5.26263910	1.77336497
0.87746605	1.64513192	3.10646424	2.64548661	0.19753658	1.27041638	0.83714964	1.49267208	2.38069753	3.77570787	3.45104694	1.83567995	0.00000000	2.02779584	3.71934111	0.27146420	2.47011593	0.92326404	2.38240753	2.93882352	1.59788233	1.37910629	2.17914201	3.25117257	3.33750330	2.55039420	1.52949899	2.69628620	1.67967734	2.25801322	0.78871682	2.55336417	1.21408640	1.73545648	2.57448068	0.65508949	0.88512343	2.24783241	1.88431654	3.16285248	2.39394920	2.54106034	3.37736026	2.28967682	2.47899979	0.22892724	3.13239488	0.14296160	0.15429773	4.00268710	1.30433766
2.78228909	0.40544441	2.42258486	4.67017862	2.04524977	2.86245181	2.08455316	1.10878086	3.48621583	5.78667106	2.95451151	1.73715127	2.02779584	0.00000000	5.74646190	2.19218897	3.86818523	1.11803853	3.86428078	4.96281872	2.89406607	0.80121400	1.64668714	5.05553124	5.14864295	4.46229172	3.11278643	2.22803679	2.28517165	4.27846128	1.91189798	4.08060313	0.98353480	1.46628195	4.49639189	2.68274201	2.89017271	4.26599944	2.80113068	4.96070879	3.82992221	4.30628024	5.38426958	4.17376989	4.09206427	2.02526987	4.99850255	1.88490970	1.98828274	6.02926875	0.81336272
3.08000415	5.36350023	6.11359495	1.08170238	3.71034248	3.34508482	3.89787010	5.02391271	3.96226789	0.72013713	6.19753881	5.07318525	3.71934111	5.74646190	0.00000000	3.56608920	3.42738619	4.63929420	3.24941790	0.86335462	3.69036091	5.04894839	5.42967827	2.21432138	2.18553579	1.88781457	3.24774462	5.68752596	4.49219433	1.52398210	4.07555798	3.13261429	4.88619600	5.12409483	1.82876649	3.06427715	2.88702229	1.50094847	4.18290747	2.24385814	3.34873702	2.46052051	0.82978757	2.13548690	2.92188766	3.74903157	1.93265600	3.86230267	3.77187911	0.40372286	4.99083291
0.92867525	1.82645623	3.03853185	2.48563004	0.14746029	1.41489412	0.66162949	1.52582472	2.56859902	3.66870550	3.34839510	2.10690711	0.27146420	2.19218897	3.56608920	0.00000000	2.60630103	1.12182868	2.50327185	2.81415145	1.78589170	1.48606393	2.14097114	3.26318264	3.34592008	2.52570075	1.65957638	2.61689025	1.93737691	2.14596797	1.05366720	2.65924876	1.44385212	2.00284399	2.54394709	0.54361214	0.83853255	2.07609303	2.11083346	3.17842172	2.52445027	2.57903426	3.27692912	2.28412044	2.56507895	0.48300588	3.12134121	0.37394110	0.42127699	3.86634792	1.42496778
1.71692886	3.48225858	5.55352384	2.78678247	2.64206640	1.19973944	3.26786368	3.84201508	0.60056484	3.00225341	5.91905374	2.37889085	2.47011593	3.86818523	3.42738619	2.60630103	0.00000000	2.93112233	0.18590972	2.61921773	0.98133047	3.57434225	4.60537390	1.54784086	1.63670623	1.54027292	0.94673229	5.15495619	1.68499577	2.19051491	2.02897630	0.32796111	2.90041564	2.57772353	1.59925589	2.25061903	1.96305714	2.69208867	1.16280435	1.46019692	0.09930169	0.97590511	2.65969817	1.32320105	0.51252197	2.27959569	1.68061483	2.53714581	2.36404224	3.46657612	3.47364028
1.67088033	0.72485372	2.73907920	3.56778331	0.97569479	1.82227581	1.23920021	0.97925831	2.65591593	4.66863274	3.18681518	1.36497267	0.92326404	1.11803853	4.63929420	1.12182868	2.93112233	0.00000000	2.89506477	3.84715992	1.95410399	0.64628830	1.78579974	3.98823066	4.07964414	3.36070035	2.08563429	2.39440818	1.58790649	3.16180493	0.90223849	3.09936878	0.37710501	1.15380385	3.39248055	1.57633508	1.77258220	3.17107697	2.01158274	3.89496603	2.87715965	3.24589625	4.26628834	3.07785973	3.07994810	0.90732087	3.91160456	0.78107100	0.87141205	4.91522751	0.54409612
1.59691826	3.47255439	5.47987371	2.60087334	2.54772036	1.11721894	3.16437911	3.78522259	0.74261535	2.83747129	5.83332694	2.43171434	2.38240753	3.86428078	3.24941790	2.50327185	0.18590972	2.89506477	0.00000000	2.43668296	0.97112728	3.53370183	4.53695925	1.42447203	1.51609887	1.36161387	0.85323195	5.07596433	1.73510531	2.00477578	1.99451028	0.22418879	2.88826818	2.61666435	1.42065903	2.12296618	1.82675278	2.50838420	1.23046547	1.33340944	0.09949376	0.80798010	2.48873434	1.13869744	0.35311395	2.20142479	1.53451398	2.45780043	2.28442291	3.29629217	3.43431349
2.24316809	4.57162193	5.55170943	0.51770830	2.95323893	2.48281453	3.22494829	4.31531045	3.12989004	0.87846855	5.69723170	4.21531111	2.93882352	4.96281872	0.86335462	2.81415145	2.61921773	3.84715992	2.43668296	0.00000000	2.82817515	4.29869936	4.79585767	1.62327338	1.62661743	1.09054960	2.38501719	5.11845203	3.62910281	0.68770160	3.23574999	2.34282076	4.07264736	4.27318952	1.03327688	2.28825465	2.07694672	0.88256375	3.32287581	1.62203561	2.53489813	1.67929482	0.54367932	1.30252321	2.12709403	2.94496972	1.32239463	3.08094714	2.97576233	1.07145390	4.23307804
1.05745786	2.50436633	4.61608368	2.81523845	1.78717234	0.46512434	2.43046349	2.88277266	0.78366225	3.43701841	5.00591912	1.52415372	1.59788233	2.89406607	3.69036091	1.78589170	0.98133047	1.95410399	0.97112728	2.82817515	0.00000000	2.59922691	3.66133875	2.27945556	2.37464396	1.91746764	0.44485977	4.22932238	0.84792903	2.22390679	1.05398420	1.19026999	1.92112558	1.67766485	1.96990243	1.57433990	1.37275781	2.57985902	0.50897234	2.18332375	0.93666442	1.54620238	3.04585265	1.61895724	1.22955772	1.38369752	2.30564136	1.63719021	1.46971199	3.83113577	2.49777784
2.22277535	0.59542211	2.12998707	3.96744578	1.34548547	2.44627054	1.28867587	0.42106188	3.30037408	5.14725798	2.60501581	1.86651501	1.37910629	0.80121400	5.04894839	1.48606393	3.57434225	0.64628830	3.53370183	4.29869936	2.59922691	0.00000000	1.19667114	4.58126494	4.67091611	3.91629281	2.71261482	1.81749757	2.20316655	3.62549452	1.54583485	3.73486271	0.82592699	1.61485525	3.94338013	2.01343118	2.26420213	3.55309311	2.64937657	4.48962710	3.51854373	3.84762590	4.75152321	3.64478846	3.70667584	1.44527502	4.48576940	1.24389271	1.38559469	5.35239575	0.10323930
3.04824462	1.69039376	0.95797214	4.37483712	2.04787414	3.42035275	1.58251125	0.80683329	4.40626394	5.67351899	1.40888001	3.06258589	2.17914201	1.64668714	5.42967827	2.14097114	4.60537390	1.78579974	4.53695925	4.79585767	3.66133875	1.19667114	0.00000000	5.40411921	5.48685965	4.65884788	3.68686188	0.62142228	3.37340998	4.18026345	2.62460969	4.71943356	2.02153304	2.80809202	4.67379162	2.66727726	2.97689449	3.95134370	3.78597723	5.31909621	4.53767355	4.71238899	5.30453203	4.42422481	4.65545323	2.33863757	5.25865944	2.08562089	2.25788195	5.78177697	1.29263993
2.37452423	4.65116738	6.28961238	2.03278591	3.36039729	2.19568741	3.86485069	4.74321342	2.14840314	1.61995047	6.55377678	3.80044899	3.25117257	5.05553124	2.21432138	3.26318264	1.54784086	3.98823066	1.42447203	1.62327338	2.27945556	4.58126494	5.40411921	0.00000000	0.09522546	0.81823185	1.95744734	5.86109704	3.11099957	1.63385360	3.14473571	1.22126327	4.07498884	3.95553312	0.83258596	2.74673760	2.43032529	2.18690235	2.63690351	0.09634546	1.51108953	0.75098990	1.38460449	0.98740492	1.08358230	3.14098534	0.30087898	3.36756831	3.20823321	2.12539802	4.49147157
2.46147114	4.74416032	6.36922560	2.05201172	3.44463941	2.28949632	3.94367282	4.82990422	2.23713443	1.57288203	6.62931109	3.89549705	3.33750330	5.14864295	2.18553579	3.34592008	1.63670623	4.07964414	1.51609887	1.62661743	2.37464396	4.67091611	5.48685965	0.09522546	0.00000000	0.87952424	2.05205232	5.94009068	3.20584453	1.67589268	3.23817705	1.31092072	4.16842931	4.05075777	0.88880514	2.82678180	2.51153118	2.22295878	2.73070235	0.19153865	1.60181397	0.84526276	1.35752644	1.06562947	1.17687220	3.22964558	0.31621808	3.45485990	3.29629737	2.08061951	4.58147633
1.69528920	4.05737556	5.52201475	1.35778989	2.63606156	1.68357117	3.09653647	4.03719530	2.08006841	1.52606504	5.76596676	3.41080256	2.55039420	4.46229172	1.88781457	2.52570075	1.54027292	3.36070035	1.36161387	1.09054960	1.91746764	3.91629281	4.65884788	0.81823185	0.87952424	0.00000000	1.50515111	5.09039465	2.76099840	0.85568640	2.58549808	1.25393825	3.50109251	3.52014205	0.05904998	1.99168139	1.68750450	1.42123419	2.37349126	0.76036475	1.46092276	0.58903082	1.14841236	0.30366179	1.03945714	2.47321258	0.60632904	2.67767770	2.53069812	1.95286719	3.83292924
0.78771159	2.71129757	4.62759070	2.37319579	1.69727529	0.26820375	2.32113139	2.94400818	1.02543013	3.01252952	4.98054524	1.90624324	1.52949899	3.11278643	3.24774462	1.65957638	0.94673229	2.08563429	0.85323195	2.38501719	0.44485977	2.71261482	3.68686188	1.95744734	2.05205232	1.50515111	0.00000000	4.22281665	1.26195970	1.77976074	1.20368096	1.03346198	2.12931875	2.02628410	1.55477851	1.32809764	1.06811192	2.14966161	0.95010159	1.86142798	0.86623882	1.20713224	2.61717381	1.20244648	0.99458053	1.34926073	1.94333640	1.60508587	1.43176495	3.39579240	2.61569044
3.54289333	2.30441737	0.43480326	4.66582617	2.54405658	3.95965831	1.99642262	1.42006755	4.98655048	5.99554324	0.79241936	3.68378713	2.69628620	2.22803679	5.68752596	2.61689025	5.15495619	2.39440818	5.07596433	5.11845203	4.22932238	1.81749757	0.62142228	5.86109704	5.94009068	5.09039465	4.22281665	0.00000000	3.98175726	4.54088567	3.20814603	5.24961927	2.64139878	3.42951126	5.10001191	3.11496080	3.43366771	4.24939184	4.38050392	5.77971101	5.08296710	5.19396798	5.64389358	4.87449455	5.17173343	2.87588807	5.69560980	2.61872313	2.79208759	6.05724855	1.91256141
1.57719680	1.93675300	4.32456711	3.56068296	1.87318199	1.14999087	2.47407649	2.56660588	1.21636425	4.27428158	4.77404354	0.69660904	1.67967734	2.28517165	4.49219433	1.93737691	1.68499577	1.58790649	1.73510531	3.62910281	0.84792903	2.20316655	3.37340998	3.11099957	3.20584453	2.76099840	1.26195970	3.98175726	0.00000000	2.99217686	0.89696289	1.95905910	1.40212708	0.89748089	2.81232690	1.96325670	1.88439620	3.27620171	0.53373039	3.01546092	1.67380759	2.38845490	3.87908056	2.46029538	2.03930353	1.45533436	3.15049424	1.64517707	1.52552947	4.65456356	2.10086677
1.55900891	3.88585797	4.97566745	0.60583487	2.28177477	1.84232869	2.59895722	3.66077578	2.63084701	1.52275840	5.16040648	3.55366584	2.25801322	4.27846128	1.52398210	2.14596797	2.19051491	3.16180493	2.00477578	0.68770160	2.22390679	3.62549452	4.18026345	1.63385360	1.67589268	0.85568640	1.77976074	4.54088567	2.99217686	0.00000000	2.55365464	1.96549727	3.38494667	3.60025959	0.82133295	1.61210228	1.39017251	0.56571688	2.72955867	1.59271826	2.09653301	1.37314742	1.13335946	0.90654570	1.75176059	2.25822812	1.36528616	2.39949212	2.29046846	1.75910828	3.55718943
0.99561786	1.50886155	3.58224605	3.05168541	0.97898676	0.95055902	1.57890643	1.83519578	1.78165579	3.99608989	3.99369070	1.10664065	0.78871682	1.91189798	4.07555798	1.05366720	2.02897630	0.90223849	1.99451028	3.23574999	1.05398420	1.54583485	2.62460969	3.14473571	3.23817705	2.58549808	1.20368096	3.20814603	0.89696289	2.55365464	0.00000000	2.20135326	0.93025569	1.07611484	2.62470803	1.19289230	1.22713919	2.70317335	1.18294247	3.04966052	1.97510652	2.39481334	3.59020882	2.28860970	2.19227672	0.57190449	3.09790944	0.74823273	0.63464026	4.30330708	1.44480790
1.73953981	3.68721579	5.65757312	2.54829775	2.71207884	1.30126513	3.31784112	3.97656529	0.92787834	2.68579299	6.00057965	2.65565957	2.55336417	4.08060313	3.13261429	2.65924876	0.32796111	3.09936878	0.22418879	2.34282076	1.19026999	3.73486271	4.71943356	1.22126327	1.31092072	1.25393825	1.03346198	5.24961927	1.95905910	1.96549727	2.20135326	0.00000000	3.10255344	2.84075805	1.31223432	2.25170356	1.94524085	2.49229736	1.45199222	1.13287459	0.29449279	0.67211153	2.35159055	1.06951542	0.21702549	2.38093432	1.35415916	2.63546710	2.46247494	3.15646421	3.63627675
1.84663441	0.58480748	2.95448375	3.82693320	1.30274814	1.88023233	1.61560089	1.22688396	2.55595238	4.86975814	3.43033493	1.04896442	1.21408640	0.98353480	4.88619600	1.44385212	2.90041564	0.37710501	2.88826818	4.07264736	1.92112558	0.82592699	2.02153304	4.07498884	4.16842931	3.50109251	2.12931875	2.64139878	1.40212708	3.38494667	0.93025569	3.10255344	0.00000000	0.81183669	3.53774213	1.84609010	1.99979297	3.44294937	1.88213636	3.97989505	2.85773456	3.32496928	4.46463763	3.20804656	3.10951581	1.13973806	4.02509952	1.07945252	1.12743469	5.14402361	0.72891686
2.05622806	1.18226760	3.71943790	4.11814074	1.88545722	1.83833060	2.33799970	2.02825152	2.10909462	4.99353924	4.21245812	0.27196505	1.73545648	1.46628195	5.12409483	2.00284399	2.57772353	1.15380385	2.61666435	4.27318952	1.67766485	1.61485525	2.80809202	3.95553312	4.05075777	3.52014205	2.02628410	3.42951126	0.89748089	3.60025959	1.07611484	2.84075805	0.81183669	0.00000000	3.56639332	2.25521526	2.30269683	3.77732037	1.43087114	3.85927020	2.56117000	3.21555524	4.58996059	3.21655978	2.90346091	1.57016204	3.96613046	1.63424792	1.60087188	5.33149473	1.52469867
1.72459707	4.09173444	5.53218214	1.30967675	2.65638967	1.72881311	3.10784539	4.05883373	2.13883916	1.47097053	5.77106881	3.45955993	2.57448068	4.49639189	1.82876649	2.54394709	1.59925589	3.39248055	1.42065903	1.03327688	1.96990243	3.94338013	4.67379162	0.83258596	0.88880514	0.05904998	1.55477851	5.10001191	2.81232690	0.82133295	2.62470803	1.31223432	3.53774213	3.56639332	0.00000000	2.00754322	1.70669754	1.38572898	2.42845110	0.78031881	1.51997057	0.64601794	1.09127436	0.35235608	1.09800123	2.50182592	0.60367118	2.70306682	2.55797530	1.89503071	3.86084255
0.54049470	2.29965171	3.54289850	1.99146252	0.67200005	1.13193431	1.12017053	2.06942751	2.32441007	3.13394892	3.82115567	2.29931809	0.65508949	2.68274201	3.06427715	0.54361214	2.25061903	1.57633508	2.12296618	2.28825465	1.57433990	2.01343118	2.66727726	2.74673760	2.82678180	1.99168139	1.32809764	3.11496080	1.96325670	1.61210228	1.19289230	2.25170356	1.84609010	2.25521526	2.00754322	0.00000000	0.32152535	1.59835811	1.99495156	2.66482144	2.16037280	2.08835023	2.73935226	1.76141685	2.13050079	0.71342943	2.59176888	0.79804799	0.71870801	3.34933045	1.94548250
0.32057058	2.49603443	3.86054690	1.83731741	0.95019019	0.91072506	1.44054652	2.35388896	2.08696642	2.89784885	4.14250024	2.30895453	0.88512343	2.89017271	2.88702229	0.83853255	1.96305714	1.77258220	1.82675278	2.07694672	1.37275781	2.26420213	2.97689449	2.43032529	2.51153118	1.68750450	1.06811192	3.43366771	1.88439620	1.39017251	1.22713919	1.94524085	1.99979297	2.30269683	1.70669754	0.32152535	0.00000000	1.47687897	1.83326177	2.34735016	1.87018048	1.76687901	2.49712776	1.44748016	1.81671148	0.86807346	2.28297868	1.02244965	0.90209795	3.14723225	2.18897430
1.73106008	3.89119420	4.68131813	0.42446048	2.22207489	2.15124306	2.40154699	3.52318561	3.08268951	1.75038394	4.81649472	3.76979475	2.24783241	4.26599944	1.50094847	2.07609303	2.69208867	3.17107697	2.50838420	0.88256375	2.57985902	3.55309311	3.95134370	2.18690235	2.22295878	1.42123419	2.14966161	4.24939184	3.27620171	0.56571688	2.70317335	2.49229736	3.44294937	3.77732037	1.38572898	1.59835811	1.47687897	0.00000000	3.08813711	2.15076693	2.59512930	1.92839172	1.42407207	1.45555820	2.28310596	2.30468978	1.90841681	2.39008013	2.31645380	1.83312822	3.49782588
1.51278842	2.43954379	4.74332470	3.32303082	2.08148606	0.95280136	2.71769683	2.98448976	0.68652166	3.89940856	5.16922326	1.21872477	1.88431654	2.80113068	4.18290747	2.11083346	1.16280435	2.01158274	1.23046547	3.32287581	0.50897234	2.64937657	3.78597723	2.63690351	2.73070235	2.37349126	0.95010159	4.38050392	0.53373039	2.72955867	1.18294247	1.45199222	1.88213636	1.43087114	2.42845110	1.99495156	1.83326177	3.08813711	0.00000000	2.54281925	1.16075495	1.94064215	3.51533595	2.08290316	1.55439638	1.65648069	2.70395940	1.88869359	1.73852823	4.30922676	2.54614322
2.28576250	4.55645454	6.20758727	2.01423020	3.27412287	2.10032312	3.78387716	4.65439812	2.06064751	1.66878018	6.47574299	3.70458283	3.16285248	4.96070879	2.24385814	3.17842172	1.46019692	3.89496603	1.33340944	1.62203561	2.18332375	4.48962710	5.31909621	0.09634546	0.19153865	0.76036475	1.86142798	5.77971101	3.01546092	1.59271826	3.04966052	1.13287459	3.97989505	3.85927020	0.78031881	2.66482144	2.34735016	2.15076693	2.54281925	0.00000000	1.42114013	0.65535566	1.41469588	0.90934420	0.99044902	3.05040022	0.31189843	3.27829051	3.11822045	2.17096095	4.39950397
1.62875969	3.44101750	5.48377453	2.69424886	2.56344336	1.12411141	3.18607031	3.77911859	0.64680788	2.93609451	5.84444485	2.36989169	2.39394920	3.82992221	3.34873702	2.52445027	0.09930169	2.87715965	0.09949376	2.53489813	0.93666442	3.51854373	4.53767355	1.51108953	1.60181397	1.46092276	0.86623882	5.08296710	1.67380759	2.09653301	1.97510652	0.29449279	2.85773456	2.56117000	1.51997057	2.16037280	1.87018048	2.59512930	1.16075495	1.42114013	0.00000000	0.90673889	2.58807551	1.23580132	0.44908120	2.20708033	1.62859850	2.46431585	2.29100130	3.39559771	3.41840541
1.66514747	3.90230250	5.61735892	1.92482421	2.66462345	1.44508744	3.20624235	4.02694404	1.54754943	2.02951017	5.90928622	3.07035202	2.54106034	4.30628024	2.46052051	2.57903426	0.97590511	3.24589625	0.80798010	1.67929482	1.54620238	3.84762590	4.71238899	0.75098990	0.84526276	0.58903082	1.20713224	5.19396798	2.38845490	1.37314742	2.39481334	0.67211153	3.32496928	3.21555524	0.64601794	2.08835023	1.76687901	1.92839172	1.94064215	0.65535566	0.90673889	0.00000000	1.68388487	0.47531476	0.46414677	2.41556771	0.76404864	2.65046976	2.48650647	2.49067227	3.75598070
2.61825444	4.98658415	6.07792427	1.05562007	3.41084988	2.75993497	3.72623969	4.79403638	3.22016844	0.40591626	6.23351640	4.50513525	3.37736026	5.38426958	0.82978757	3.27692912	2.65969817	4.26628834	2.48873434	0.54367932	3.04585265	4.75152321	5.30453203	1.38460449	1.35752644	1.14841236	2.61717381	5.64389358	3.87908056	1.13335946	3.59020882	2.35159055	4.46463763	4.58996059	1.09127436	2.73935226	2.49712776	1.42407207	3.51533595	1.41469588	2.58807551	1.68388487	0.00000000	1.43245309	2.14792405	3.35900018	1.10407943	3.51722169	3.39841521	0.80773793	4.68064048
1.42228306	3.76848599	5.30360748	1.47919871	2.38706325	1.38046766	2.87809084	3.78134014	1.82910367	1.81888902	5.56674512	3.10755741	2.28967682	4.17376989	2.13548690	2.28412044	1.32320105	3.07785973	1.13869744	1.30252321	1.61895724	3.64478846	4.42422481	0.98740492	1.06562947	0.30366179	1.20244648	4.87449455	2.46029538	0.90654570	2.28860970	1.06951542	3.20804656	3.21655978	0.35235608	1.76141685	1.44748016	1.45555820	2.08290316	0.90934420	1.23580132	0.47531476	1.43245309	0.00000000	0.85314230	2.19958611	0.84279563	2.41272950	2.26064312	2.22972282	3.55929684
1.63742248	3.69381241	5.58505605	2.33224309	2.62807048	1.26042120	3.21801118	3.92880067	1.09545796	2.48998306	5.91309784	2.73356286	2.47899979	4.09206427	2.92188766	2.56507895	0.51252197	3.07994810	0.35311395	2.12709403	1.22955772	3.70667584	4.65545323	1.08358230	1.17687220	1.03945714	0.99458053	5.17173343	2.03930353	1.75176059	2.19227672	0.21702549	3.10951581	2.90346091	1.09800123	2.13050079	1.81671148	2.28310596	1.55439638	0.99044902	0.44908120	0.46414677	2.14792405	0.85314230	0.00000000	2.31994713	1.18176057	2.57022867	2.39879080	2.95444979	3.61005579
0.77813462	1.62882944	3.27848104	2.68724932	0.42642377	1.08430523	1.06228266	1.61462892	2.16427148	3.76152761	3.64035052	1.64834283	0.22892724	2.02526987	3.74903157	0.48300588	2.27959569	0.90732087	2.20142479	2.94496972	1.38369752	1.44527502	2.33863757	3.14098534	3.22964558	2.47321258	1.34926073	2.87588807	1.45533436	2.25822812	0.57190449	2.38093432	1.13973806	1.57016204	2.50182592	0.71342943	0.86807346	2.30468978	1.65648069	3.05040022	2.20708033	2.41556771	3.35900018	2.19958611	2.31994713	0.00000000	3.04053124	0.25765444	0.08604876	4.01494850	1.36005586
2.26420058	4.59308612	6.12684692	1.73719867	3.22737054	2.16117941	3.70083048	4.62372525	2.27522373	1.37242706	6.37225407	3.82875355	3.13239488	4.99850255	1.93265600	3.12134121	1.68061483	3.91160456	1.53451398	1.32239463	2.30564136	4.48576940	5.25865944	0.30087898	0.31621808	0.60632904	1.94333640	5.69560980	3.15049424	1.36528616	3.09790944	1.35415916	4.02509952	3.96613046	0.60367118	2.59176888	2.28297868	1.90841681	2.70395940	0.31189843	1.62859850	0.76404864	1.10407943	0.84279563	1.18176057	3.04053124	0.00000000	3.25545397	3.10264818	1.86966082	4.39940106
0.99357230	1.50230872	3.02258809	2.78832736	0.25196465	1.34100692	0.83411406	1.37678800	2.41552933	3.91616048	3.38270052	1.74998341	0.14296160	1.88490970	3.86230267	0.37394110	2.53714581	0.78107100	2.45780043	3.08094714	1.63719021	1.24389271	2.08562089	3.36756831	3.45485990	2.67767770	1.60508587	2.61872313	1.64517707	2.39949212	0.74823273	2.63546710	1.07945252	1.63424792	2.70306682	0.79804799	1.02244965	2.39008013	1.88869359	3.27829051	2.46431585	2.65046976	3.51722169	2.41272950	2.57022867	0.25765444	3.25545397	0.00000000	0.17339051	4.14527293	1.16677579
0.83845025	1.59593471	3.19585158	2.70503724	0.34900203	1.16761908	0.97929184	1.54098435	2.25012179	3.79972498	3.55544395	1.69139769	0.15429773	1.98828274	3.77187911	0.42127699	2.36404224	0.87141205	2.28442291	2.97576233	1.46971199	1.38559469	2.25788195	3.20823321	3.29629737	2.53069812	1.43176495	2.79208759	1.52552947	2.29046846	0.63464026	2.46247494	1.12743469	1.60087188	2.55797530	0.71870801	0.90209795	2.31645380	1.73852823	3.11822045	2.29100130	2.48650647	3.39841521	2.26064312	2.39879080	0.08604876	3.10264818	0.17339051	0.00000000	4.04413698	1.30315223
3.31286707	5.63999767	6.48544814	1.40867589	4.00803899	3.51989902	4.23391068	5.34793237	4.02776331	0.50921370	6.58136793	5.26263910	4.00268710	6.02926875	0.40372286	3.86634792	3.46657612	4.91522751	3.29629217	1.07145390	3.83113577	5.35239575	5.78177697	2.12539802	2.08061951	1.95286719	3.39579240	6.05724855	4.65456356	1.75910828	4.30330708	3.15646421	5.14402361	5.33149473	1.89503071	3.34933045	3.14723225	1.83312822	4.30922676	2.17096095	3.39559771	2.49067227	0.80773793	2.22972282	2.95444979	4.01494850	1.86966082	4.14527293	4.04413698	0.00000000	5.28992333
2.13817254	0.55760144	2.22997080	3.90993025	1.28198857	2.34982499	1.27207356	0.50400507	3.19734754	5.07772078	2.70148571	1.77336497	1.30433766	0.81336272	4.99083291	1.42496778	3.47364028	0.54409612	3.43431349	4.23307804	2.49777784	0.10323930	1.29263993	4.49147157	4.58147633	3.83292924	2.61569044	1.91256141	2.10086677	3.55718943	1.44480790	3.63627675	0.72891686	1.52469867	3.86084255	1.94548250	2.18897430	3.49782588	2.54614322	4.39950397	3.41840541	3.75598070	4.68064048	3.55929684	3.61005579	1.36005586	4.39940106	1.16677579	1.30315223	5.28992333	0.00000000

EDGE_KM_T
0.00000000	3.16524174	4.75905074	2.86984078	1.17578553	0.80119332	2.08597525	2.40568088	2.45543468	4.18801788	5.45190190	2.74979335	0.90299942	3.67401440	4.35315192	1.17713098	2.41658557	2.15520837	2.22050414	3.16851363	1.34769393	2.59924185	3.46012750	2.42427262	2.55141471	2.06076486	1.11212072	4.33672059	1.84389295	2.20457085	1.40657555	2.35923660	2.54146945	2.86467190	2.13280745	0.76164848	0.35938303	2.32468929	1.73072646	2.29737022	2.28548262	1.82742372	3.62081112	1.63463070	2.13206389	0.92962835	2.56174548	1.05119287	0.95061283	4.67315611	2.54555527
3.16497951	0.00000000	3.61428544	6.03467708	2.37417231	2.88282070	2.36041716	1.18656933	3.59961838	7.35269010	4.30711496	2.01190565	2.31392199	0.50872561	7.51787524	2.58269267	3.56072000	1.00996125	3.57717182	6.33329108	2.51672036	0.62345410	2.31546463	5.58896320	5.71609486	5.22554442	3.10006636	3.19200817	2.39939774	5.36941478	1.75848564	3.86226583	0.62370129	1.64480865	5.29758520	3.22943120	3.44134431	5.48957404	2.87499360	5.46207155	3.45237072	4.65006167	6.78552322	4.79943942	4.06864715	2.23544356	5.72645220	2.11390734	2.21446765	7.83783120	0.61967844
4.75946957	3.61467747	0.00000000	5.82609998	3.58357729	5.56069107	2.67333741	2.42805897	7.21500434	7.14442337	0.69287047	5.62686259	3.85637494	3.35006433	7.30951185	3.58224308	7.17619917	3.79022430	6.98011660	6.12482530	6.10720147	2.99121675	1.29901466	7.08342358	7.12782221	5.98479586	5.87164714	0.44688317	6.01450360	5.16082324	4.82369973	7.11887206	4.15794437	5.25971010	5.94256459	3.99778325	4.40008204	5.28090528	6.49022171	7.03380997	7.04509183	6.58707307	6.57718107	5.93165046	6.89169823	4.17048840	6.68072325	3.82695670	4.05061091	7.62955905	3.12700754
2.87008069	6.03576172	5.82657965	0.00000000	3.66120802	3.15215500	3.67511358	5.27624438	3.48118763	1.37814467	5.48940188	5.62006589	3.72142375	6.54461320	1.48350035	3.45265394	2.93286777	5.02560750	2.73678421	0.66842339	3.51822598	5.46976768	5.44171359	2.84019201	2.88459882	1.74149459	2.93482336	5.37965508	4.71403365	0.66528271	4.27679305	2.87555987	5.41187048	5.73499358	1.69926475	2.80574250	2.59372941	0.54523265	4.12767457	2.79056999	2.80175659	2.34377309	1.29014189	1.68832635	2.64838505	3.79986382	2.43747905	3.92147574	3.82086266	1.80358535	5.41606179
1.17580832	2.37434203	3.58333183	3.66081771	0.00000000	1.97700766	0.91020042	1.61478612	3.63126436	4.97902603	4.27618711	2.04328170	0.27278858	2.88312365	5.14415034	0.20853536	3.59242463	1.36429491	3.39634296	3.95950176	2.52351035	1.80834280	2.28438908	3.49955966	3.54395097	2.85175258	2.28794118	3.16099161	2.43086749	2.99554632	1.24009578	3.53508033	1.75055621	2.07374964	2.92379552	0.85535083	1.06730844	3.11565699	2.90654026	3.44995359	3.46132074	3.00327041	4.41181169	2.42561287	3.30790739	0.58689197	3.35274707	0.26026620	0.46702050	5.46416372	1.75465403
0.80117639	2.88295701	5.55997548	3.15190817	1.97689777	0.00000000	2.88705735	3.13217534	1.65419813	4.46999733	6.25281504	2.46758779	1.70411859	3.39170444	4.63515876	1.97824998	1.61532261	1.87296230	1.41924187	3.45054948	0.54649472	2.56904969	4.26110717	2.70626191	2.83339841	2.34280184	0.31091017	5.13767369	1.56172958	2.48664233	1.12438760	1.55796050	2.25922278	2.58245062	2.41484346	1.56280213	1.16055671	2.60678265	0.97551337	2.57936527	1.48422229	1.76731985	3.90281194	1.91668331	1.33078848	1.39002561	2.84374342	1.73351690	1.50989086	4.95513710	2.43327537
2.08608675	2.36055824	2.67326159	3.67478131	0.91022536	2.88730010	0.00000000	1.60101386	4.54159256	4.99306238	3.36612647	2.95350934	1.18301967	2.86936073	5.15816403	0.90888790	4.50277468	1.35047913	4.30669244	3.97349145	3.43380766	1.79456057	1.76640108	4.40996621	4.45436215	3.31136144	3.19824787	2.25089792	3.34113003	3.00950654	2.15033799	4.44544125	1.73674093	2.58636442	3.26912970	1.32441138	1.72670052	3.12959911	3.81683146	4.36035537	4.37166861	3.91363824	4.42583036	3.25822357	4.21826774	1.49712943	4.00727005	1.15360503	1.37725415	5.47819880	1.74086668
2.40567026	1.18659435	2.42789062	5.27550574	1.61474781	3.13233499	1.60093850	0.00000000	4.78657336	6.59367675	3.12074098	3.19864225	1.55450993	1.26833274	6.75881269	1.82328030	4.74772243	1.36207417	4.55164104	5.57417641	3.67883519	0.56313689	1.12897115	4.82993217	4.95707388	4.46642771	3.44326120	2.00556242	3.58621015	4.61023609	2.39544887	4.69037255	1.72979528	2.83151701	4.53847024	2.47008108	2.68203018	4.73035604	4.06186823	4.70303018	4.61661965	4.15855909	6.02647147	4.04029464	4.46319989	1.74224749	4.96740563	1.39874208	1.62237797	7.07881509	0.69891696
2.45526438	3.59942452	7.21360264	3.48108865	3.63086828	1.65411899	4.54097267	4.78598039	0.00000000	4.79901678	7.90642096	2.13815430	3.35810180	3.86392425	4.96422836	3.63223287	0.84842423	3.42405153	1.02357460	3.77967220	1.10763505	4.22287681	5.91483490	3.03529938	3.16242563	2.67192663	1.34324037	6.79135277	1.23237335	2.81583030	2.39083740	1.30865526	3.05632875	2.25298834	2.74396647	3.21684847	2.81463974	3.22269690	0.72458160	2.90841328	0.89877538	2.09644304	4.23187052	2.24583673	1.51503723	3.04402290	3.17279673	3.38748640	3.16387973	5.28415936	4.08711381
4.18852352	7.35419678	7.14500855	1.37813983	4.97964731	4.47059877	4.99355120	6.59467867	4.79963378	0.00000000	6.80783014	6.93850533	5.03986342	7.86304686	1.00495207	4.77109360	3.95105370	6.34404470	3.77590736	1.01967739	4.83667007	6.78820264	6.76014554	1.76377547	1.63661619	2.12742963	4.25326808	6.69808556	6.03247542	1.98372955	5.59523346	3.49074512	6.73030764	7.05343215	2.05538406	4.12418408	3.91217209	1.86367828	5.44611825	1.89069554	3.90071810	2.70290807	0.56727236	2.55361178	3.28436715	5.11830392	1.62632917	5.23991500	5.13930250	0.53220539	6.73449709
5.45259027	4.30766454	0.69288150	5.48922847	4.27663701	6.25382786	3.36636848	3.12103280	7.90818221	6.80763545	0.00000000	6.31992493	4.54944125	4.04302742	6.97269790	4.27530923	7.86940214	4.48324813	7.67331893	5.78798378	6.80034385	3.68420204	1.99194836	7.77669148	7.82109543	6.67801843	6.56480030	1.11528579	6.70760604	5.47642224	5.51677881	7.81208753	4.85096762	5.95275750	6.63578809	4.69088233	5.09320016	4.94400909	7.18335708	7.72707240	7.73829230	7.28029648	6.24037284	6.62485818	7.58491305	4.86356201	7.37398294	4.52001589	4.74368016	7.29276968	3.81999870
2.74958831	2.01178892	5.62591062	5.61917271	2.04327153	2.46740454	2.95336059	3.19833771	2.13809251	6.93705612	6.31872304	0.00000000	1.89861513	2.27627584	7.10228163	2.16738606	2.98650332	1.83643559	3.16165403	5.91774022	2.10129553	2.63524026	4.32717077	5.17334372	5.30046713	4.80999523	2.68462480	5.20367515	0.90575950	4.95391644	1.34315898	3.44672766	1.46871249	0.36707382	4.88203457	2.81407352	3.02595709	5.07410795	1.49189467	5.04646055	3.03685580	4.23451119	6.36992073	4.38391328	3.65310998	1.82012537	5.31084547	1.79988936	1.79915623	7.42219948	2.49948040
0.90300215	2.31408147	3.85606064	3.72101145	0.27278645	1.70419629	1.18297761	1.55452128	3.35843971	5.03919275	4.54891236	1.89862928	0.00000000	2.82285534	5.20432548	0.27413157	3.31959186	1.30404624	3.12351040	4.01968581	2.25069717	1.74808167	2.55713477	3.27544702	3.40258938	2.91193698	2.01512451	3.43372914	2.15806723	3.05574133	0.96730308	3.26224352	1.69030735	2.01350859	2.98397962	0.91557517	1.12752661	3.17585872	2.63372936	3.17710159	3.18848878	2.73043104	4.47198497	2.48580208	3.03507078	0.31410103	3.41291946	0.20002896	0.19423097	5.52433091	1.69439480
3.67366774	0.50871992	3.34974198	6.54334799	2.88287500	3.39150511	2.86912664	1.26830990	3.86409154	7.86134117	4.04256889	2.27640621	2.82262311	0.00000000	8.02653250	3.09139383	3.91069081	1.51867245	4.08584068	6.84195487	3.02540344	1.07472373	2.05093355	6.09761649	6.22474689	5.73420847	3.60874688	2.92747110	2.66388879	5.87808661	2.26718374	4.37093156	1.13241263	1.90931276	5.80624903	3.73812455	3.95003314	5.99825080	3.13947684	5.97072614	3.96104001	5.15872552	7.29417911	5.30810700	4.57731303	2.74414295	6.23510744	2.62261015	2.72316808	8.34648262	1.12839739
4.35372171	7.51954674	7.31047842	1.48356239	5.14491476	4.63577869	5.15885119	6.76004367	4.96476703	1.00498164	6.97331254	7.10376981	5.20512339	8.02842406	0.00000000	4.93635376	4.11615845	6.50935292	3.94101285	1.18475866	5.00184363	6.95355462	6.92555612	2.46701890	2.51143144	2.29251212	4.41842940	6.86352482	6.19769435	2.14884928	5.76047893	3.65583568	6.89561651	7.21871360	2.22046549	4.28940682	4.07737321	2.02882164	5.61129979	2.41739097	4.06582569	2.86798961	0.91695696	2.71871114	3.44945844	5.28355559	2.06429707	5.40518304	5.30455913	0.47277459	6.89984241
