NAME: multi_modal_data
TYPE: MM

VEHICLES: 2
DIMENSION: 42

NUM_T: 2
NUM_D: 1

MAXIMUM_SYSTEM_DURATION: 300
UNIT: MIN

SERVICETIME: 5
UNIT: MIN

TAKEOFF_LANDING_TIME: 2
UNIT: MIN

MAX_WAITING_TIME: 99999999
UNIT: MIN

INIT_SOC: 100
MAX_SOC: 100
MIN_SOC_T: 3
MIN_SOC_D: 3
UNIT: %

DEMAND_T: 21
DEMAND_D: 0
UNIT: EA

MASS_T: 1940
MASS_D: 15
UNIT: KG

LIFT_TO_DRAG: 3
POWER_MOTOR_PROP: 0.5
UNIT: RATIO

POWER_ELEC: 0.1
UNIT: KW

CARGO_LIMIT_TRUCK: 99999999999999
UNIT: KG

CARGO_LIMIT_DRONE: 6
UNIT: KG

BATTERY_KWH_T: 100
BATTERY_KWH_D: 0.3
UNIT: KWH 

ENERGY_KWH/KM_T: 1.0
ENERGY_KWH/KM_D: 0.1
UNIT: KWH/KM

CHARGING_KW_D: 0.5
CHARGING_KW_T: 80
UNIT: KW 

LOSISTIC_KWH/KG_T: 0.001
LOSISTIC_KWH/KG_D: 0.001
UNIT: KWH/KG

SPEED_T: 0.3
SPEED_D: 1.0
UNIT: KM/MIN

ALTITUDE: 100
UNIT: M

CURVY_AIR: 1.0
UNIT: RATIO

CURVY_ROAD: 1.0
UNIT: RATIO

DEPOT_SECTION
0

EDGE_KM_D_TYPE: EUC_2D(haversine)
EDGE_KM_T_TYPE: MAN_2D(haversine)
EDGE_KM_D_FORMAT : FULL_MATRIX
EDGE_KM_T_FORMAT : FULL_MATRIX

NODE_COORD_SECTION
0	37.55010051	127.04134000
1	37.53491202	127.05317273
2	37.54149159	127.01944874
3	37.54926038	127.04530955
4	37.53873982	127.02320655
5	37.54982128	127.06073287
6	37.55424713	127.03103086
7	37.54697596	127.01286587
8	37.55724753	127.04481420
9	37.55485311	127.05739699
10	37.54713266	127.02832831
11	37.53475626	127.05297852
12	37.56090653	127.04814352
13	37.56534518	127.05130824
14	37.54067187	127.04550480
15	37.54031304	127.05481946
16	37.54587242	127.02216448
17	37.55184407	127.06908564
18	37.54802993	127.01373647
19	37.53310886	127.04944815
20	37.55499513	127.03274386
21	37.55920460	127.05332749
22	37.54910270	127.04514470
23	37.56354087	127.03012190
24	37.54295517	127.05448317
25	37.55614676	127.04561251
26	37.54662011	127.06642188
27	37.54451842	127.04902416
28	37.54707528	127.05245537
29	37.56271653	127.04872803
30	37.53731056	127.03859395
31	37.56907099	127.02455410
32	37.56691964	127.02522470
33	37.53683356	127.04842221
34	37.56794342	127.04368324
35	37.53582890	127.04789372
36	37.57240164	127.03847449
37	37.56772766	127.03167385
38	37.53475214	127.05250536
39	37.56128661	127.03111041
40	37.54196040	127.02697738
41	37.53968000	127.02426768

EDGE_KM_D
0.00000000	1.98512198	2.15435641	0.36220249	2.03758005	1.70991718	1.01908083	2.53419740	0.85168523	1.51093543	1.19363112	1.99099990	1.34293462	1.90933688	1.11085701	1.61143554	1.75467609	2.45363612	2.44436685	2.02010745	0.93298757	1.46337995	0.35328992	1.79204030	1.40496361	0.77062468	2.24482455	0.91880284	1.03605676	1.54664024	1.44263974	2.57661533	2.34852507	1.60192228	1.99476726	1.68885374	2.49260663	2.13723901	1.97022065	1.53632409	1.55648870	1.89950579
1.98512198	0.00000000	3.06218925	1.73958229	2.67628529	1.78681747	2.90398819	3.79854938	2.59061752	2.24840964	2.57775337	0.02435653	2.92426888	3.38800724	0.93129400	0.61786902	2.99331725	2.34800341	3.77058165	0.38478809	2.86894538	2.70124926	1.72941317	3.77670768	0.90179131	2.45347185	1.74914144	1.12907593	1.35397203	3.11645678	1.31285044	4.55983916	4.32868083	0.47022333	3.76699348	0.47651249	4.36538448	4.11178408	0.06147275	3.51908608	2.43903724	2.60320250
2.15435641	3.06218925	0.00000000	2.43814082	0.45100010	3.75573569	1.74766744	0.84186438	2.84076907	3.66058932	1.00316064	3.04977397	3.32560492	3.86304554	2.29912930	3.12134126	0.54279095	4.52495406	0.88442351	2.80456517	1.90483589	3.57763766	2.41836569	2.62611135	3.09316836	2.82415434	4.18046116	2.62918272	2.97551614	3.49747592	1.75089239	3.09954146	2.87295415	2.60658963	3.63527491	2.58586430	3.82439474	3.11000854	3.00946360	2.42935533	0.66582657	0.47021548
0.36220249	1.73958229	2.43814082	0.00000000	2.27288058	1.36112563	1.37547126	2.87149532	0.88920453	1.23376948	1.51564621	1.74878981	1.31887035	1.86507925	0.95515585	1.30107526	2.07497176	2.11563142	2.78682705	1.83266323	1.27816386	1.31234527	0.02277391	2.07698441	1.07035586	0.76619652	1.88428161	0.62070477	0.67520801	1.52630066	1.45470764	2.86351171	2.64391606	1.40878951	2.08240246	1.51079377	2.64278366	2.37937878	1.73351343	1.83165341	1.80860782	2.13925362
2.03758005	2.67628529	0.45100010	2.27288058	0.00000000	3.53050522	1.85719383	1.29225282	2.80428371	3.50659071	1.03675139	2.66221003	3.30277519	3.85864527	1.97774074	2.79280352	0.79841347	4.29931452	1.32824549	2.39706219	1.99350957	3.49708574	2.25140916	2.82433346	2.79717200	2.76556332	3.90960681	2.36523353	2.74026887	3.48856523	1.36601518	3.37476822	3.13850362	2.23340479	3.71528255	2.20067406	3.97764720	3.30860241	2.62115811	2.60211865	0.48865280	0.14029540
1.70991718	1.78681747	3.75573569	1.36112563	3.53050522	0.00000000	2.66424199	4.23178762	1.62822163	0.63208850	2.87237658	1.80929966	1.65859994	1.91569360	1.68449132	1.17882312	3.42844045	0.76994012	4.14794849	2.10792575	2.53355560	1.23076817	1.37655155	3.09974741	0.94153338	1.50711966	0.61501955	1.18879767	0.79104857	1.78210312	2.39689745	3.84078094	3.66217162	1.80656528	2.51381164	1.92409961	3.18645970	3.24432822	1.82589206	2.90585861	3.10168915	3.40695352
1.01908083	2.90398819	1.74766744	1.37547126	1.85719383	2.66424199	0.00000000	1.79390633	1.25998951	2.32521688	0.82619120	2.90540413	1.68041299	2.17200082	1.97657823	2.60749262	1.21578975	3.36531620	1.67402904	2.85680486	0.17239628	2.04128634	1.36941668	1.03651945	2.41894581	1.30263717	3.23319026	1.92002373	2.05018020	1.82219710	1.99781890	1.74440283	1.49918243	2.46985909	1.88763632	2.53073651	2.12263563	1.50004035	2.87813448	0.78278718	1.41218652	1.72604963
2.53419740	3.79854938	0.84186438	2.87149532	1.29225282	4.23178762	1.79390633	0.00000000	3.03919534	4.02224895	1.36330083	3.78871468	3.47426654	3.95670124	2.96176566	3.77232521	0.82891766	4.98572712	0.14009254	3.57507033	1.96620061	3.81725897	2.85551661	2.38885272	3.69628003	3.06162961	4.72175243	3.19951062	3.49028297	3.61350844	2.51009685	2.66414563	2.47078404	3.33160140	3.57984412	3.32778908	3.61781112	2.84133014	3.74996789	2.26247976	1.36341536	1.29177934
0.85168523	2.59061752	2.84076907	0.88920453	2.80428371	1.62822163	1.25998951	3.03919534	0.00000000	1.14068993	1.83769933	2.60243934	0.50165875	1.06696357	1.84413767	2.07938361	2.36362243	2.22235071	2.92509984	2.71501561	1.09308816	0.78134670	0.90613403	1.47203551	1.80340293	0.14118765	2.24162045	1.46326397	1.31649108	0.69916684	2.28371235	2.21753160	2.03424098	2.29211172	1.19350092	2.39707163	1.77529574	1.64302011	2.59165376	1.28873992	2.31563165	2.66400883
1.51093543	2.24840964	3.66058932	1.23376948	3.50659071	0.63208850	2.32521688	4.02224895	1.14068993	0.00000000	2.70257219	2.26836998	1.05754994	1.28419546	1.89360848	1.63267495	3.26259212	1.08336234	3.92301008	2.51736906	2.17328183	0.60233566	1.25518427	2.59104056	1.34769990	1.04873102	1.21287835	1.36580612	0.96837853	1.16122851	2.55989547	3.29846164	3.13722495	2.15425571	1.89205836	2.27527773	2.56697884	2.68148054	2.27635449	2.42503612	3.04092140	3.37300282
1.19363112	2.57775337	1.00316064	1.51564621	1.03675139	2.87237658	0.82619120	1.36330083	1.83769933	2.70257219	0.00000000	2.57244435	2.32313829	2.86437276	1.67613144	2.45561861	0.56119302	3.63109555	1.29029067	2.42882211	0.95701013	2.58041210	1.49863103	1.83134951	2.35223304	1.82382218	3.35887255	1.84761524	2.12708286	2.49731250	1.41845854	2.46201624	2.21715867	2.10954089	2.68083329	2.13439120	2.94868729	2.30897340	2.53754492	1.59284327	0.58733335	0.90272534
1.99099990	0.02435653	3.04977397	1.74878981	2.66221003	1.80929966	2.90540413	3.78871468	2.60243934	2.26836998	2.57244435	0.00000000	2.93885778	3.40452353	0.93109254	0.63885193	2.98481892	2.37212604	3.76156304	0.36119457	2.87178094	2.71870893	1.73835671	3.78216991	0.92128092	2.46558008	1.77346974	1.14012321	1.37059035	3.13154532	1.29976363	4.56485765	4.33324412	0.46342084	3.78013489	0.46394738	4.37689560	4.11932894	0.04172377	3.52413871	2.42848805	2.59004796
1.34293462	2.92426888	3.32560492	1.31887035	3.30277519	1.65859994	1.68041299	3.47426654	0.50165875	1.05754994	2.32313829	2.93885778	0.00000000	0.56692915	2.26198771	2.36431537	2.83539136	2.10318264	3.35404411	3.09310269	1.50822925	0.49458433	1.33888425	1.61527068	2.07286447	0.57436434	2.26271339	1.82392984	1.58424155	0.20775348	2.75551372	2.26873496	2.12787688	2.67690811	0.87567712	2.78859601	1.53624852	1.63785900	2.93355185	1.50197461	2.81423793	3.16248003
1.90933688	3.38800724	3.86304554	1.86507925	3.85864527	1.91569360	2.17200082	3.95670124	1.06696357	1.28419546	2.86437276	3.40452353	0.56692915	0.00000000	2.79084320	2.80060878	3.35983301	2.17011005	3.83093554	3.58826898	2.00055686	0.70561883	1.88603507	1.87812804	2.50534128	1.13939244	2.47189399	2.32456993	2.03403885	0.37034606	3.31269201	2.39416087	2.30562834	3.18054436	0.73152315	3.29584049	1.37661715	1.75070213	3.40343224	1.83658975	3.37072815	3.71842933
1.11085701	0.93129400	2.29912930	0.95515585	1.97774074	1.68449132	1.97657823	2.96176566	1.84413767	1.89360848	1.67613144	0.93109254	2.26198771	2.79084320	0.00000000	0.82223489	2.13752650	2.42183659	2.91789767	0.91001293	1.94994004	2.17307996	0.93800430	2.88191108	0.83132105	1.72075785	1.95918511	0.52841500	0.93941731	2.46767238	0.71483377	3.65825382	3.42263731	0.49832424	3.03671135	0.57824323	3.58220793	3.24614265	0.90238127	2.62005948	1.63979972	1.87571091
1.61143554	0.61786902	3.12134126	1.30107526	2.79280352	1.17882312	2.60749262	3.77232521	2.07938361	1.63267495	2.45561861	0.63885193	2.36431537	2.80060878	0.82223489	0.00000000	2.94467879	1.79608924	3.72232649	0.93059961	2.54027567	2.10476207	1.29722777	3.37805967	0.29528451	1.93872559	1.24025655	0.69263278	0.78028096	2.54837907	1.46906167	4.16456289	3.94450802	0.68399593	3.22538879	0.78836422	3.84801890	3.66819171	0.65113922	3.13170143	2.46161623	2.69466128
1.75467609	2.99331725	0.54279095	2.07497176	0.79841347	3.42844045	1.21578975	0.82891766	2.36362243	3.26259212	0.56119302	2.98481892	2.83539136	3.35983301	2.13752650	2.94467879	0.00000000	4.18948995	0.78079563	2.79306552	1.37798603	3.12164596	2.05755030	2.08611592	2.86776629	2.36180188	3.90272043	2.37282616	2.67385438	2.99856524	1.73339909	2.58815326	2.35584295	2.52385407	3.10179914	2.52851223	3.28160657	2.57070269	2.94708885	1.88670335	0.60768273	0.71309875
2.45363612	2.34800341	4.52495406	2.11563142	4.29931452	0.76994012	3.36531620	4.98572712	2.22235071	1.08336234	3.63109555	2.37212604	2.10318264	2.17011005	2.42183659	1.79608924	4.18948995	0.00000000	4.89786635	2.70880788	3.22277064	1.61228760	2.13246860	3.67262157	1.62303813	2.12382149	0.62655226	1.94719141	1.55904816	2.16375920	3.13663436	4.36771725	4.21397528	2.47078335	2.86677201	2.58111564	3.53631021	3.74089270	2.39769585	3.50832163	3.87159197	4.17637463
2.44436685	3.77058165	0.88442351	2.78682705	1.32824549	4.14794849	1.67402904	0.14009254	2.92509984	3.92301008	1.29029067	3.76156304	3.35404411	3.83093554	2.91789767	3.72232649	0.78079563	4.89786635	0.00000000	3.55905405	1.84595183	3.70468760	2.77150424	2.24966596	3.63640959	2.95143224	4.64744534	3.13545080	3.41513860	3.49019350	2.49475975	2.52651539	2.33181780	3.30183987	3.44548755	3.30304322	3.47835960	2.70137455	3.72340874	2.12569091	1.34842220	1.31306735
2.02010745	0.38478809	2.80456517	1.83266323	2.39706219	2.10792575	2.85680486	3.57507033	2.71501561	2.51736906	2.42882211	0.36119457	3.09310269	3.58826898	0.91001293	0.93059961	2.79306552	2.70880788	3.55905405	0.00000000	2.84456901	2.92180329	1.81846097	3.78862000	1.18144425	2.58392468	2.12058526	1.26923717	1.57546802	3.29283933	1.06502269	4.56143140	4.32375346	0.42393262	3.90663040	0.33206218	4.47497634	4.15613765	0.32566702	3.52572799	2.21231135	2.33740317
0.93298757	2.86894538	1.90483589	1.27816386	1.99350957	2.53355560	0.17239628	1.96620061	1.09308816	2.17328183	0.95701013	2.87178094	1.50822925	2.00055686	1.94994004	2.54027567	1.37798603	3.22277064	1.84595183	2.84456901	0.00000000	1.87383824	1.27451529	0.97794594	2.33781665	1.14159254	3.11157767	1.84852570	1.94811391	1.64995129	2.03294956	1.72361527	1.48236515	2.44722140	1.73284466	2.51514775	2.00034057	1.41893270	2.84641680	0.71424496	1.53596783	1.85970711
1.46337995	2.70124926	3.57763766	1.31234527	3.49708574	1.23076817	2.04128634	3.81725897	0.78134670	0.60233566	2.58041210	2.71870893	0.49458433	0.70561883	2.17307996	2.10476207	3.12164596	1.61228760	3.70468760	2.92180329	1.87383824	0.00000000	1.33494898	2.10150667	1.80972620	0.76033005	1.81400329	1.67651590	1.35091030	0.56290553	2.75934737	2.76324451	2.62139625	2.52485923	1.29105947	2.64303835	1.96652596	2.13094115	2.71995858	1.97197844	3.01210824	3.35806355
0.35328992	1.72941317	2.41836569	0.02277391	2.25140916	1.37655155	1.36941668	2.85551661	0.90613403	1.25518427	1.49863103	1.73835671	1.33888425	1.88603507	0.93800430	1.29722777	2.05755030	2.13246860	2.77150424	1.81846097	1.27451529	1.33494898	0.00000000	2.08114414	1.07009559	0.78434967	1.89600880	0.61385818	0.68280035	1.54639613	1.43278954	2.86780448	2.64730476	1.39453489	2.09895311	1.49574915	2.65660528	2.38726688	1.72263119	1.83466392	1.78777543	2.11793499
1.79204030	3.77670768	2.62611135	2.07698441	2.82433346	3.09974741	1.03651945	2.38885272	1.47203551	2.59104056	1.83134951	3.78216991	1.61527068	1.87812804	2.88191108	3.37805967	2.08611592	3.67262157	2.24966596	3.78862000	0.97794594	2.10150667	2.08114414	0.00000000	3.13872591	1.59386885	3.71207426	2.69269676	2.68850763	1.64254806	3.01078900	0.78673595	0.57224515	3.37964805	1.29165108	3.45686161	1.22992303	0.48523089	3.76050198	0.26537389	2.41559996	2.70293803
1.40496361	0.90179131	3.09316836	1.07035586	2.79717200	0.94153338	2.41894581	3.69628003	1.80340293	1.34769990	2.35223304	0.92128092	2.07286447	2.50534128	0.83132105	0.29528451	2.86776629	1.62303813	3.63640959	1.18144425	2.33781665	1.80972620	1.07009559	3.13872591	0.00000000	1.66228156	1.12870126	0.51172354	0.49178227	2.25517501	1.53512161	3.92344293	3.70850873	0.86540190	2.93714432	0.98258012	3.56544413	3.41035655	0.92865683	2.89833200	2.42761955	2.68882128
0.77062468	2.45347185	2.82415434	0.76619652	2.76556332	1.50711966	1.30263717	3.06162961	0.14118765	1.04873102	1.82382218	2.46558008	0.57436434	1.13939244	1.72075785	1.93872559	2.36180188	2.12382149	2.95143224	2.58392468	1.14159254	0.76033005	0.78434967	1.59386885	1.66228156	0.00000000	2.11836128	1.32753290	1.17532216	0.78044037	2.18398121	2.34746312	2.15972162	2.16177138	1.32270815	2.26818024	1.91383250	1.77981608	2.45536612	1.40027024	2.27757088	2.62558413
2.24482455	1.74914144	4.18046116	1.88428161	3.90960681	0.61501955	3.23319026	4.72175243	2.24162045	1.21287835	3.35887255	1.77346974	2.26271339	2.47189399	1.95918511	1.24025655	3.90272043	0.62655226	4.64744534	2.12058526	3.11157767	1.81400329	1.89600880	3.71207426	1.12870126	2.11836128	0.00000000	1.55153838	1.23234945	2.37410474	2.66295495	4.45562316	4.27585928	1.92425247	3.10474886	2.02693492	3.77982833	3.85885358	1.80195421	3.51415616	3.51599721	3.79583889
0.91880284	1.12907593	2.62918272	0.62070477	2.36523353	1.18879767	1.92002373	3.19951062	1.46326397	1.36580612	1.84761524	1.14012321	1.82392984	2.32456993	0.52841500	0.69263278	2.37282616	1.94719141	3.13545080	1.26923717	1.84852570	1.67651590	0.61385818	2.69269676	0.51172354	1.32753290	1.55153838	0.00000000	0.41514058	2.02370914	1.21986228	3.47942108	3.25668570	0.85616499	2.64695212	0.97135916	3.23693216	2.99991323	1.12850552	2.44342189	1.96447499	2.24803802
1.03605676	1.35397203	2.97551614	0.67520801	2.74026887	0.79104857	2.05018020	3.49028297	1.31649108	0.96837853	2.12708286	1.37059035	1.58424155	2.03403885	0.93941731	0.78028096	2.67385438	1.55904816	3.41513860	1.57546802	1.94811391	1.35091030	0.68280035	2.68850763	0.49178227	1.17532216	1.23234945	0.41514058	0.00000000	1.76999561	1.63478380	3.46856035	3.26049951	1.19305346	2.44588307	1.31362601	3.07400704	2.93758637	1.37027894	2.45715844	2.31713611	2.61770233
1.54664024	3.11645678	3.49747592	1.52630066	3.48856523	1.78210312	1.82219710	3.61350844	0.69916684	1.16122851	2.49731250	3.13154532	0.20775348	0.37034606	2.46767238	2.54837907	2.99856524	2.16375920	3.49019350	3.29283933	1.64995129	0.56290553	1.54639613	1.64254806	2.25517501	0.78044037	2.37410474	2.02370914	1.76999561	0.00000000	2.96292025	2.24477337	2.12365809	2.87818545	0.73178509	2.99067745	1.40587960	1.60310827	3.12728342	1.56100111	3.00055233	3.34833220
1.44263974	1.31285044	1.75089239	1.45470764	1.36601518	2.39689745	1.99781890	2.51009685	2.28371235	2.55989547	1.41845854	1.29976363	2.75551372	3.31269201	0.71483377	1.46906167	1.73339909	3.13663436	2.49475975	1.06502269	2.03294956	2.75934737	1.43278954	3.01078900	1.53512161	2.18398121	2.66295495	1.21986228	1.63478380	2.96292025	0.00000000	3.74219926	3.49697375	0.86821041	3.43564322	0.83638319	3.90196988	3.43680755	1.25918779	2.74643650	1.14733877	1.29035254
2.57661533	4.55983916	3.09954146	2.86351171	3.37476822	3.84078094	1.74440283	2.66414563	2.21753160	3.29846164	2.46201624	4.56485765	2.26873496	2.39416087	3.65825382	4.16456289	2.58815326	4.36771725	2.52651539	4.56143140	1.72361527	2.76324451	2.86780448	0.78673595	3.92344293	2.34746312	4.45562316	3.47942108	3.46856035	2.24477337	3.74219926	0.00000000	0.24641304	4.15653912	1.69062105	4.23041140	1.28153094	0.64504030	4.54247951	1.04075645	3.02212380	3.26823198
2.34852507	4.32868083	2.87295415	2.64391606	3.13850362	3.66217162	1.49918243	2.47078404	2.03424098	3.13722495	2.21715867	4.33324412	2.12787688	2.30562834	3.42263731	3.94450802	2.35584295	4.21397528	2.33181780	4.32375346	1.48236515	2.62139625	2.64730476	0.57224515	3.70850873	2.15972162	4.27585928	3.25668570	3.26049951	2.12365809	3.49697375	0.24641304	0.00000000	3.92095070	1.63086331	3.99317779	1.31728988	0.57546883	4.31020951	0.81330160	2.77964228	3.03008936
1.60192228	0.47022333	2.60658963	1.40878951	2.23340479	1.80656528	2.46985909	3.33160140	2.29211172	2.15425571	2.10954089	0.46342084	2.67690811	3.18054436	0.49832424	0.68399593	2.52385407	2.47078335	3.30183987	0.42393262	2.44722140	2.52485923	1.39453489	3.37964805	0.86540190	2.16177138	1.92425247	0.85616499	1.19305346	2.87818545	0.86821041	4.15653912	3.92095070	0.00000000	3.48439845	0.12104301	4.05104555	3.73911933	0.42800528	3.11809869	1.97487050	2.15313741
1.99476726	3.76699348	3.63527491	2.08240246	3.71528255	2.51381164	1.88763632	3.57984412	1.19350092	1.89205836	2.68083329	3.78013489	0.87567712	0.73152315	3.03671135	3.22538879	3.10179914	2.86677201	3.44548755	3.90663040	1.73284466	1.29105947	2.09895311	1.29165108	2.93714432	1.32270815	3.10474886	2.64695212	2.44588307	0.73178509	3.43564322	1.69062105	1.63086331	3.48439845	0.00000000	3.59021626	0.67564308	1.05874067	3.77176066	1.33265126	3.24285392	3.57858856
1.68885374	0.47651249	2.58586430	1.51079377	2.20067406	1.92409961	2.53073651	3.32778908	2.39707163	2.27527773	2.13439120	0.46394738	2.78859601	3.29584049	0.57824323	0.78836422	2.52851223	2.58111564	3.30304322	0.33206218	2.51514775	2.64303835	1.49574915	3.45686161	0.98258012	2.26818024	2.02693492	0.97135916	1.31362601	2.99067745	0.83638319	4.23041140	3.99317779	0.12104301	3.59021626	0.00000000	4.15061168	3.82434991	0.42389354	3.19413811	1.96620715	2.12672155
2.49260663	4.36538448	3.82439474	2.64278366	3.97764720	3.18645970	2.12263563	3.61781112	1.77529574	2.56697884	2.94868729	4.37689560	1.53624852	1.37661715	3.58220793	3.84801890	3.28160657	3.53631021	3.47835960	4.47497634	2.00034057	1.96652596	2.65660528	1.22992303	3.56544413	1.91383250	3.77982833	3.23693216	3.07400704	1.40587960	3.90196988	1.28153094	1.31728988	4.05104555	0.67564308	4.15061168	0.00000000	0.79331861	4.36533241	1.39599847	3.53337878	3.84797812
2.13723901	4.11178408	3.11000854	2.37937878	3.30860241	3.24432822	1.50004035	2.84133014	1.64302011	2.68148054	2.30897340	4.11932894	1.63785900	1.75070213	3.24614265	3.66819171	2.57070269	3.74089270	2.70137455	4.15613765	1.41893270	2.13094115	2.38726688	0.48523089	3.41035655	1.77981608	3.85885358	2.99991323	2.93758637	1.60310827	3.43680755	0.64504030	0.57546883	3.73911933	1.05874067	3.82434991	0.79331861	0.00000000	4.10088846	0.71793323	2.89494924	3.18636674
1.97022065	0.06147275	3.00946360	1.73351343	2.62115811	1.82589206	2.87813448	3.74996789	2.59165376	2.27635449	2.53754492	0.04172377	2.93355185	3.40343224	0.90238127	0.65113922	2.94708885	2.39769585	3.72340874	0.32566702	2.84641680	2.71995858	1.72263119	3.76050198	0.92865683	2.45536612	1.80195421	1.12850552	1.37027894	3.12728342	1.25918779	4.54247951	4.31020951	0.42800528	3.77176066	0.42389354	4.36533241	4.10088846	0.00000000	3.50187885	2.38929711	2.54938452
1.53632409	3.51908608	2.42935533	1.83165341	2.60211865	2.90585861	0.78278718	2.26247976	1.28873992	2.42503612	1.59284327	3.52413871	1.50197461	1.83658975	2.62005948	3.13170143	1.88670335	3.50832163	2.12569091	3.52572799	0.71424496	1.97197844	1.83466392	0.26537389	2.89833200	1.40027024	3.51415616	2.44342189	2.45715844	1.56100111	2.74643650	1.04075645	0.81330160	3.11809869	1.33265126	3.19413811	1.39599847	0.71793323	3.50187885	0.00000000	2.17964795	2.47712269
1.55648870	2.43903724	0.66582657	1.80860782	0.48865280	3.10168915	1.41218652	1.36341536	2.31563165	3.04092140	0.58733335	2.42848805	2.81423793	3.37072815	1.63979972	2.46161623	0.60768273	3.87159197	1.34842220	2.21231135	1.53596783	3.01210824	1.78777543	2.41559996	2.42761955	2.27757088	3.51599721	1.96447499	2.31713611	3.00055233	1.14733877	3.02212380	2.77964228	1.97487050	3.24285392	1.96620715	3.53337878	2.89494924	2.38929711	2.17964795	0.00000000	0.34839016
1.89950579	2.60320250	0.47021548	2.13925362	0.14029540	3.40695352	1.72604963	1.29177934	2.66400883	3.37300282	0.90272534	2.59004796	3.16248003	3.71842933	1.87571091	2.69466128	0.71309875	4.17637463	1.31306735	2.33740317	1.85970711	3.35806355	2.11793499	2.70293803	2.68882128	2.62558413	3.79583889	2.24803802	2.61770233	3.34833220	1.29035254	3.26823198	3.03008936	2.15313741	3.57858856	2.12672155	3.84797812	3.18636674	2.54938452	2.47712269	0.34839016	0.00000000

EDGE_KM_T
0.00000000	2.73203186	2.88715465	0.44336378	2.86185679	1.74068015	1.36991472	2.85764969	1.10099188	1.94401436	1.47709138	2.73223068	1.80135948	2.57391027	1.41557700	2.27663742	2.16061327	2.63986919	2.66370358	2.60418361	1.30207527	2.06912009	0.44636457	2.48346535	1.95319875	1.04896781	2.59816526	1.29811853	1.31629683	2.05415216	1.66426527	3.58923248	3.29089448	2.09957027	2.19061922	2.16469361	2.73239396	2.81219964	2.69097588	2.14565814	2.17131670	2.66376692
2.73224440	0.00000000	3.70525305	2.28880932	3.06792313	2.32445737	4.10234428	4.89553710	3.22061863	2.58982781	3.54955018	0.03444476	3.33391545	3.54842100	1.31659259	0.74576815	3.95291764	3.28589259	4.93596802	0.52891989	4.03447407	2.71486044	2.28581149	5.21591124	1.00990774	3.02782681	2.47013431	1.43398785	1.41574791	3.48363989	1.55220059	6.32177837	6.02342833	0.63254692	4.50967263	0.56743307	5.46468982	5.54461765	0.07662379	4.87808628	3.09353946	3.07889901
2.88737753	3.70499067	0.00000000	3.14394686	0.63730068	4.56615896	2.43952594	1.19023285	3.98840478	4.83155536	1.41015368	3.70518751	4.68880627	5.46138928	2.38845774	3.24961299	0.72656903	5.52752918	1.23067054	3.57710450	2.67373198	4.95661966	3.11187827	3.39280215	3.25165797	3.93638884	4.71179163	2.94417310	3.53100597	4.94160490	2.15290352	3.51682411	3.33672939	3.07248072	5.07802061	3.13759868	5.11450734	3.99518611	3.66392789	3.22929489	0.71591460	0.62631655
0.44336773	2.28867590	3.14370926	0.00000000	3.11840767	1.42207041	1.81329269	3.11421084	0.93180091	1.68749745	1.73363717	2.28887452	1.54483337	2.31738731	0.97221341	1.83328309	2.41716519	2.38336390	2.92026386	2.16082394	1.74545154	1.81259913	0.03206708	2.92684422	1.50984408	0.79243920	2.15482246	0.85475844	0.87294015	1.79762663	1.92080087	4.03261688	3.73427822	1.65620958	2.22083572	1.72133240	3.17576453	3.25557697	2.24761925	2.58903603	2.42786384	2.92031675
2.86210042	3.06778750	0.63731291	3.11868268	0.00000000	4.54094496	2.41421529	1.82756718	3.96313898	4.80633051	1.38483423	3.06798371	4.66355131	5.43614461	2.18089706	2.96228252	0.88498979	5.50234237	1.86800203	2.93988921	2.64842690	4.93138156	3.08661355	3.36748854	3.22642363	3.91112564	4.68659615	2.91892100	3.50576503	4.91635184	1.51565291	3.49149238	3.31139984	2.43526209	5.05275113	2.50037833	5.08922090	3.96987755	3.02672255	3.20398449	0.69059075	0.19810413
1.74068656	2.32432407	4.56575226	1.42206017	4.54045317	0.00000000	3.11060468	4.53624946	2.22912205	0.85359870	3.15568607	2.35876541	2.34247756	2.55703891	2.35984835	1.57858495	3.83920999	0.96128796	4.34230306	2.85317829	3.04276466	1.69622268	1.45412714	4.22415560	1.31443943	2.03634430	0.85748699	1.62187053	1.03507146	2.49221231	3.34285658	5.32992456	5.03158635	2.52945579	3.51815610	2.68776000	4.47308146	4.55288938	2.40093610	3.88634807	3.84991184	4.34236295
1.36986416	4.10183798	2.43935121	1.81320847	2.41407179	3.11044918	0.00000000	2.40981397	1.54867090	2.39163167	1.02933149	4.10203775	2.24902217	3.02155744	2.78542073	3.64643546	1.71282316	3.62184506	2.21587213	3.97400800	0.23418019	2.51675735	1.81621006	1.11354617	3.32299844	1.49664292	3.96790638	2.66794500	2.68610647	2.50181198	2.54997076	2.21928599	1.92095128	3.46939969	2.63830379	3.53452563	2.67486910	1.55565047	4.06078527	0.78976774	1.72355019	2.21598712
2.85775492	4.89496208	1.19019015	3.11429850	1.82746646	4.53641055	2.40997019	0.00000000	3.95875963	4.80182859	1.38061546	4.89516018	4.65913953	5.43170201	3.57847889	4.43957372	0.94248682	5.49772659	0.19394933	4.76710007	2.64416512	4.92691929	3.08223098	3.36325230	4.11613381	3.90673851	4.76114440	3.46103342	3.50131125	4.91193436	3.34296949	3.48731037	3.30721130	4.26248294	5.04838279	4.32760433	5.08490331	3.96562619	4.85390363	3.19973862	1.80179634	1.81647545
1.10096251	3.22039783	3.98793208	0.93179623	3.96266600	2.22898221	1.54862198	3.95837147	0.00000000	1.37541282	2.57794388	3.22059830	0.70033945	1.47286349	1.90400779	2.76498947	3.26141367	2.74034845	3.76443272	3.09258107	1.31444787	0.96805624	0.93479841	1.99490450	2.44155364	0.19277073	3.08641922	1.78651957	1.80466887	0.95312719	2.76520457	3.10062456	2.80229223	2.58797640	1.28902412	2.65310421	2.24390373	2.32365191	3.17934749	1.65710565	3.27215779	3.76458510
1.94392409	2.58972819	4.83095566	1.68741749	4.80567894	0.85357884	2.39161277	4.80141369	1.37544846	0.00000000	3.42094232	2.62416837	1.48882379	1.70340397	2.62520683	1.84399887	4.10442956	1.36496874	4.60747247	3.11856024	2.18901923	0.84259976	1.71948348	3.37039457	1.57985135	1.18267547	1.71103197	1.88724995	1.30047131	1.63856201	3.60817393	4.47613039	4.17779617	2.79483164	2.66447578	2.95313270	3.61937014	3.69913758	2.66633624	3.03259292	4.11516005	4.60759503
1.47713705	3.54919115	1.41009444	1.73367990	1.38478340	3.15578911	1.02935423	1.38061259	2.57814112	3.42120777	0.00000000	3.54938929	3.27852041	4.05108230	2.23270937	3.09380249	0.68354353	4.11710362	1.38620698	3.42132982	1.26354884	3.54629921	1.70161241	1.98263650	2.77036263	2.52611986	3.41537104	2.11526326	2.13345360	3.53131514	1.99720125	2.77217365	2.47383330	2.91671288	3.66776450	2.98183437	3.70428597	2.58501011	3.50813282	1.81912265	0.69423007	1.18668980
2.73244187	0.03444480	3.70545455	2.28900606	3.06812395	2.35890355	4.10254366	4.89573982	3.22081547	2.62427338	3.54975006	0.00000000	3.33411167	3.54861664	1.31678930	0.78021325	3.95311865	3.32034032	4.93617058	0.49447578	4.03467312	2.74930526	2.28600827	5.21611078	1.04435278	3.02802350	2.50458155	1.43418391	1.41594334	3.48383600	1.55239857	6.32197894	6.02362877	0.63274309	4.50986967	0.56762934	5.46488783	5.54481691	0.04217912	4.87828564	3.09373958	3.07909963
1.80127251	3.33376083	4.68814732	1.54479433	4.66289750	2.34231248	2.24888736	4.65855821	0.70032504	1.48875752	3.27819756	3.33396213	0.00000000	0.77251034	2.48258507	2.87834534	3.96164066	2.85364256	4.46462323	3.20596018	2.01472066	0.64618690	1.57685914	1.88144173	2.55491096	0.75235931	3.19972486	1.89990053	1.91803497	0.25278521	3.46550268	2.98713769	2.68880826	2.70135996	1.17562005	2.81052804	2.13047711	2.21019586	3.29271337	1.54364716	3.97240562	4.46482120
2.57373050	3.54835388	5.46049034	2.31727317	5.43526026	2.55686583	3.02129121	5.43086666	1.47280127	1.70332840	4.05058722	3.54855621	0.77249372	0.00000000	3.25506493	3.09292975	4.73399795	3.06815205	5.23693625	3.74846729	2.78713351	0.86077915	2.34933711	2.06798935	2.76949714	1.52483973	3.41424834	2.51715174	2.13263179	0.51971158	4.23794625	2.77239434	2.47406843	3.42472595	0.96097716	3.58302045	1.91580687	1.99548990	3.50730993	2.23152451	4.74478818	5.23718953
1.41562344	1.31654037	2.38848300	0.97221539	2.18084611	2.36001313	2.78565312	3.57872222	1.90402133	2.62540629	2.23284061	1.31673702	2.48264822	3.25523430	0.00000000	0.86116429	2.63616609	3.32139147	3.61915907	1.18865058	2.71779456	2.75046664	0.96921645	3.89921388	1.04550607	1.73022834	2.50565133	0.73801591	1.32485210	2.73544742	0.98308301	5.00504309	4.70669762	0.68402580	3.19306763	0.74914325	4.14804935	4.22793086	1.27547694	3.56139565	1.77682069	1.98274441
2.27679345	0.74575764	3.24966229	1.83338372	2.96222371	1.57865145	3.64682750	4.43990430	2.76518987	1.84404319	3.09401614	0.78020116	2.87850795	3.09303371	0.86116824	0.00000000	3.49734423	2.54003333	4.48034078	1.27465374	3.57896822	2.23219478	1.83038484	4.76038865	0.32344257	2.57240315	1.72429206	0.97858597	0.96036795	3.02823612	1.76445409	5.86622022	5.56787446	0.95094278	4.05423665	1.10925293	5.00922058	5.08910497	0.82237717	4.42257000	2.63799679	2.76412156
2.16070916	3.95251574	0.72655496	2.41725793	0.88498100	3.83939012	1.71291098	0.94249896	3.26171841	4.10480380	0.68355272	3.95271359	3.96210266	4.73466927	2.63602254	3.49712954	0.00000000	4.80071707	0.98294116	3.82464887	1.94710814	4.22988919	2.38519019	2.66619190	3.17368918	3.20969834	3.98499332	2.51858167	2.80428001	4.21489826	2.40050412	2.79024271	2.61014451	3.32003040	4.35134010	3.38515110	4.38785381	3.26856782	3.91145642	2.50267951	0.85931580	0.87399137
2.63981197	3.28557396	5.52692144	2.38329124	5.50163134	0.96126798	3.62195323	5.49740289	2.74050358	1.36501035	4.11687650	3.32001483	2.85386707	3.06843599	3.32107989	2.53983878	4.80038567	0.00000000	5.30345857	3.81441927	3.55411731	2.20762459	2.41535782	4.73550198	2.27569246	2.54772775	0.81570494	2.58311049	1.99631963	3.00360321	4.30407158	5.84125762	5.54292100	3.49069431	4.02953493	3.64899725	4.98444783	5.06423947	3.36218439	4.39769681	4.81109904	5.30354366
2.66377118	4.93535626	1.23062637	2.92030981	1.86789799	4.34240264	2.21599930	0.19394825	3.76477156	4.60782484	1.38619149	4.93555460	4.46514731	5.23770584	3.61888263	4.47996585	0.98291965	5.30370827	0.00000000	4.80749889	2.45019209	4.73292060	2.88824250	3.16928254	4.15652635	3.71274945	4.80152207	3.50143277	3.51961947	4.71794142	3.38338184	3.29334756	3.11324765	4.30288304	4.85439613	4.36800509	4.89092314	3.77165450	4.89429864	3.00576763	1.84222317	1.85690566
2.60434653	0.52892783	3.57740185	2.16090299	2.94006393	2.85340131	3.97446840	4.76769994	3.09271336	3.11876465	3.42168006	0.49448266	3.20600308	3.74853821	1.18868585	1.27469949	3.82506066	3.81485435	4.80812901	0.00000000	3.90659453	3.24378860	2.15790551	5.08803729	1.53883837	2.89991984	2.99909039	1.30607360	1.81816627	3.35572627	1.42430858	6.19391629	5.89556482	0.50463395	4.38176977	0.43952123	5.33679807	5.41674039	0.45230261	4.75021022	2.96567222	2.95103754
1.30202550	4.03398886	2.67351964	1.74536630	2.64824354	3.04259337	0.23417868	2.64397657	1.31448003	2.18901509	1.26350778	4.03418880	2.01482835	2.78736082	2.71757839	3.57858488	1.94699399	3.55398186	2.45003550	3.90616217	0.00000000	2.28255895	1.74836804	1.18137490	3.25514816	1.26245134	3.90004554	2.60009954	2.61825798	2.26761765	2.48213453	2.28710979	1.98877568	3.40155477	2.40411392	3.46668117	2.44068384	1.51011817	3.99293674	0.84357341	1.95772528	2.45015981
2.06899099	2.71485599	4.95590987	1.81250482	4.93065249	1.69614049	2.51662660	4.92633402	0.96803653	0.84257881	3.54594224	2.74929517	0.64619734	0.86079382	2.75029516	2.23216144	4.22939775	2.20748739	4.73239728	3.24366887	2.28245645	0.00000000	1.84456996	2.52767536	1.90872639	1.02006919	2.55356433	2.01235640	1.42559542	0.79593858	3.73322669	3.63338252	3.33505175	2.91993499	1.82182638	3.07823333	2.77669392	2.85642636	2.79146061	2.18987880	4.24015301	4.73257405
0.44636906	2.28567677	3.11164698	0.03206711	3.08634469	1.45414039	1.81629594	3.08214979	0.93480159	1.71956681	1.70157323	2.28587536	1.57690101	2.34945553	0.96921286	1.83028428	2.38510240	2.41543545	2.88820265	2.15782412	1.74845447	1.84466774	0.00000000	2.92984765	1.50684520	0.82450636	2.15182580	0.85175854	0.86994090	1.82969438	1.88873501	4.03562134	3.73728256	1.65320957	2.22383661	1.71833229	3.17876640	3.25858010	2.24462000	2.59203927	2.39580015	2.88825357
2.48328699	5.21513071	3.39252378	2.92658766	3.36728568	4.22365880	1.11353618	3.36291417	1.99479511	3.37011424	1.98260169	5.21533262	1.88138556	2.06803458	3.89879777	4.75971009	2.66602559	4.73496283	3.16898189	5.08734168	1.18134839	2.52755631	2.92959106	0.00000000	4.43627676	2.18755990	5.08105344	3.78128334	3.79940709	1.73164133	3.66342378	1.10567860	0.80735127	4.58274465	1.68486477	4.64787640	1.72148735	0.60234348	5.17408534	0.33779149	2.67680554	3.16921268
1.95330982	1.00989528	3.25159733	1.50991249	3.22626772	1.31449018	3.32331166	4.11633170	2.44171709	1.57989236	2.77049185	1.04433819	2.55504558	2.76958122	1.04548183	0.32344152	3.17380068	2.27584597	4.15677090	1.53877974	3.25545773	1.90874860	1.50691310	4.43686996	0.00000000	2.24893287	1.46011303	0.65512635	0.63691905	2.70477558	2.02854618	5.54268414	5.24434048	1.21506558	3.73076034	1.37337407	4.68572799	4.76559114	1.08651272	4.09905440	2.53569577	3.02816888
1.04893726	3.02763695	3.93593534	0.79243673	3.91066436	2.03623117	1.49661016	3.90638330	0.19277177	1.18265743	2.52593558	3.02783716	0.75237356	1.52490172	1.73022637	2.57223073	3.20941339	2.54760828	3.71244341	2.89981533	1.26243381	1.02009710	0.82450246	2.18769541	2.24879446	0.00000000	2.89367559	1.59375329	1.61190705	1.00516206	2.71318289	3.29342271	2.99508951	2.39520933	1.48179737	2.46033645	2.43668375	2.51644079	2.98658574	1.84989527	3.22015124	3.71258208
2.59826850	2.46995088	4.71150673	2.15488838	4.68619342	0.85750853	3.96822565	4.76116694	3.08669084	1.71111985	3.41539413	2.50439295	3.20003375	3.41458312	2.50550419	1.72420552	3.98495419	0.81572140	4.80160992	2.99881920	3.90037915	2.55375924	2.15188828	5.08178002	1.46006128	2.89391007	0.00000000	1.76751304	1.28192592	3.34976628	3.48853858	6.18757006	5.88922930	2.67510059	4.37572918	2.83340679	5.33067425	5.41050792	2.54656543	4.74396874	3.99563782	4.48809918
1.29816926	1.43394072	2.94406724	0.85477927	2.91874458	1.62194396	2.66815204	3.46113851	1.78658296	1.88735230	2.11532724	1.43413826	1.89991760	2.51720801	0.73799990	0.97855715	2.51862468	2.58328431	3.50157932	1.30606788	2.60030128	2.01243116	0.85177958	3.78170867	0.65511626	1.59380021	1.76755629	0.00000000	0.58682059	2.04964868	1.72105147	4.88751256	4.58917013	0.90758904	3.07562411	1.06589656	4.03058214	4.11043271	1.39288033	3.44389494	2.22817959	2.72064770
1.31633661	1.41573760	3.53078801	0.87295862	3.50547672	1.03509834	2.68628821	3.50130660	1.80476081	1.30051677	2.13345524	1.41593572	1.91810551	2.13265658	1.32479947	0.96034905	2.80423692	1.99641343	3.51966319	1.81811660	2.61844263	1.42560793	0.86995843	3.79984209	0.63690917	1.61198047	1.28191840	0.58681021	0.00000000	2.06783836	2.30783015	4.90562914	4.60728874	1.49439744	3.09379854	1.65270336	4.04874082	4.12857083	1.37467922	3.46203135	2.81492314	3.30738305
2.05404190	3.48349372	4.94086983	1.79757222	4.91562806	2.49202918	2.50163467	4.91126662	0.95310187	1.63848137	3.53093908	3.48369544	0.25278395	0.51971960	2.73536337	3.02807470	4.21436898	3.00334138	4.71733350	3.35570105	2.26747164	0.79591947	1.82963667	1.73165948	2.70464105	1.00513784	3.34942938	2.04964230	2.06776940	0.00000000	3.71826619	2.83734351	2.53901552	2.90501532	1.02586684	3.06331146	1.98071274	2.06041693	3.44244769	1.71186772	4.22514425	4.71755402
1.66430681	1.55215924	2.15299817	1.92089577	1.51567891	3.34318413	2.55012225	3.34326356	2.76535124	3.60856404	1.99732048	1.55235513	3.46576919	4.23836785	0.98311048	1.76451169	2.40067046	4.30459567	3.38369695	1.42425465	2.48225689	3.73360821	1.88882636	3.66368663	2.02865224	2.71333925	3.48884495	1.72114038	2.30799021	3.71857071	0.00000000	4.76953797	4.47118983	0.91962580	3.85496147	0.98474115	3.91248890	3.99239744	1.51109316	3.32586447	1.54130593	1.52665780
3.58885576	6.32062205	3.51665755	4.03213045	3.49144403	5.32910066	2.21917240	3.48700486	3.10034115	4.47557794	2.77207569	6.32082523	2.98690981	2.77227639	5.00433928	5.86519065	2.79017713	5.84035004	3.29307829	6.19285739	2.28697341	3.63304663	4.03513493	1.10564217	5.54175953	3.29310071	6.18645808	4.88680183	4.90490312	2.83716175	4.76901052	0.00000000	0.29832295	5.68826708	1.81133285	5.75340228	1.59722908	0.77687305	6.27958104	1.44342719	3.22814100	3.29337798
3.29057383	6.02237025	3.33655566	3.73385863	3.31133257	5.03086811	1.92086423	3.30691972	2.80206807	4.17733689	2.47376065	6.02257294	2.68864521	2.47401984	4.70606796	5.56694304	2.61006832	5.54213875	3.11299093	5.89459611	1.98866960	3.33479523	3.73686269	0.80733169	5.24351106	2.99482966	5.88824001	4.58853947	4.60664950	2.53889864	4.47072160	0.29832465	0.00000000	5.39000318	1.74073601	5.45513704	1.77737941	0.65826274	5.98132754	1.14511923	2.92982251	3.11326381
2.09968139	0.63253613	3.07264030	1.65625533	2.43531893	2.52964488	3.46975785	4.26290940	2.58806351	2.79502290	2.91695761	0.63273190	2.70136790	3.42482328	0.68403905	0.95096910	3.32031107	3.49106113	4.30334230	0.50462943	3.40189153	2.92006478	1.65325713	4.58332274	1.21510945	2.39527351	2.67530890	0.90759451	1.49444628	2.90502468	0.91963134	5.68917722	5.39082871	0.00000000	3.87711494	0.15831232	4.83212030	4.91203268	0.59146967	4.24550003	2.46094382	2.44629721
2.19056976	4.50930187	5.07726231	2.22079977	5.05204378	3.51779058	2.63809878	5.04761840	1.28900981	2.66426340	3.66738648	4.50950479	1.17558292	0.96095372	3.19300887	4.05387267	4.35077826	4.02905111	4.85369066	4.38153224	2.40394634	1.82172666	2.22380404	1.68479413	3.73044110	1.48177044	4.37515560	3.07547611	3.09358199	1.02583564	3.85477707	1.81135837	1.74071365	3.87694056	0.00000000	3.94207506	0.95481369	1.08245873	4.46825997	1.84833232	4.36158329	4.85397631
2.16480422	0.56742735	3.13778915	1.72137345	2.50046331	2.68797245	3.53489294	4.32806606	2.65318222	2.95334651	2.98209591	0.56762289	2.81053545	3.58313966	0.74915694	1.10928965	3.38545668	3.64939862	4.36849793	0.43951623	3.46702458	3.07838355	1.71837544	4.64845891	1.37342960	2.46039127	2.83364323	1.06590818	1.65276402	3.06333800	0.98475744	5.75432000	5.45597069	0.15831295	3.94223500	0.00000000	4.89724655	4.97716700	0.52636010	4.31063502	2.52608372	2.51144033
2.73231835	5.46403802	5.11381165	3.17557740	5.08861294	4.47248684	2.67470922	5.08413301	2.24379006	3.61897726	3.70398266	5.46424197	2.13034560	1.91569971	4.14778547	5.00860013	4.38734193	4.98370331	4.89020987	5.33628804	2.44056582	2.77646199	3.17858254	1.72139977	4.68517033	2.43654647	5.32982185	4.03023415	4.04832192	1.98059524	3.91248394	1.59717422	1.77729346	4.83170177	0.95478621	4.89683905	0.00000000	1.11907256	5.42299964	1.88494318	4.39817234	4.89055107
2.81199807	5.54378318	3.99480670	3.25527907	3.96958721	4.55227381	1.55564021	3.96516448	2.32348898	3.69874578	2.58492860	5.54398605	2.21006294	1.99543455	4.22748822	5.08835440	3.26832196	5.06353647	3.77123652	5.41601259	1.51010205	2.85620800	3.25828329	0.60233580	4.76492274	2.51624982	5.40964027	4.10995636	4.12806311	2.06031581	3.99214846	0.77688437	0.65825657	4.91142065	1.08246180	4.97655501	1.11911017	0.00000000	5.50274111	0.76587374	3.27912576	3.77151947
2.69117854	0.07662392	3.66419132	2.24774270	3.02686070	2.40108271	4.06128037	4.85447662	3.17955211	2.66645253	3.50848678	0.04217912	3.29284830	3.50735325	1.27552594	0.82239238	3.91185540	3.36251952	4.89490737	0.45229667	3.99340983	2.79148439	2.24474491	5.17484750	1.08653191	2.98676014	2.54676074	1.39292053	1.37467995	3.44257263	1.51113525	6.28071568	5.98236551	0.59147972	4.46860632	0.52636597	5.42362450	5.50355362	0.00000000	4.83702235	3.05247632	3.03783637
