NAME: multi_modal_data
TYPE: MM

VEHICLES: 2
DIMENSION: 39

NUM_T: 1
NUM_D: 1

MAXIMUM_SYSTEM_DURATION: 300
UNIT: MIN

SERVICETIME: 5
UNIT: MIN

TAKEOFF_LANDING_TIME: 2
UNIT: MIN

MAX_WAITING_TIME: 99999999
UNIT: MIN

INIT_SOC: 100
MAX_SOC: 100
MIN_SOC_T: 3
MIN_SOC_D: 3
UNIT: %

DEMAND_T: 40
DEMAND_D: 0
UNIT: EA

MASS_T: 1940
MASS_D: 15
UNIT: KG

LIFT_TO_DRAG: 3
POWER_MOTOR_PROP: 0.5
UNIT: RATIO

POWER_ELEC: 0.1
UNIT: KW

CARGO_LIMIT_TRUCK: 99999999999999
UNIT: KG

CARGO_LIMIT_DRONE: 6
UNIT: KG

BATTERY_KWH_T: 100
BATTERY_KWH_D: 0.3
UNIT: KWH 

ENERGY_KWH/KM_T: 1.0
ENERGY_KWH/KM_D: 0.1
UNIT: KWH/KM

CHARGING_KW_D: 0.5
CHARGING_KW_T: 80
UNIT: KW 

LOSISTIC_KWH/KG_T: 0.001
LOSISTIC_KWH/KG_D: 0.001
UNIT: KWH/KG

SPEED_T: 0.3
SPEED_D: 1.0
UNIT: KM/MIN

ALTITUDE: 100
UNIT: M

CURVY_AIR: 1.0
UNIT: RATIO

CURVY_ROAD: 1.0
UNIT: RATIO

DEPOT_SECTION
0

EDGE_KM_D_TYPE: EUC_2D(haversine)
EDGE_KM_T_TYPE: MAN_2D(haversine)
EDGE_KM_D_FORMAT : FULL_MATRIX
EDGE_KM_T_FORMAT : FULL_MATRIX

NODE_COORD_SECTION
0	37.45816425	126.90278994
1	37.44819774	126.92194412
2	37.46221462	126.89189113
3	37.45064432	126.92090886
4	37.43869334	126.90229672
5	37.46756512	126.90107167
6	37.45886226	126.89079270
7	37.43793745	126.90393426
8	37.46824336	126.90478513
9	37.47883885	126.89836226
10	37.45907655	126.89355797
11	37.46763597	126.88637299
12	37.44693543	126.90065173
13	37.46471832	126.90728393
14	37.48513110	126.87941365
15	37.45349051	126.89897164
16	37.44810391	126.92538129
17	37.43951524	126.90693012
18	37.45321210	126.91625271
19	37.46361236	126.88796748
20	37.44692210	126.91793917
21	37.47219946	126.89475551
22	37.45907405	126.90260231
23	37.46061704	126.89705397
24	37.45899531	126.91240364
25	37.46028127	126.89046559
26	37.44977075	126.90092860
27	37.44559331	126.91465525
28	37.44554408	126.91119621
29	37.44902685	126.92206368
30	37.44295771	126.91724145
31	37.45819548	126.91325688
32	37.45976511	126.89590558
33	37.47110586	126.88015576
34	37.47980656	126.88473556
35	37.47105235	126.90217185
36	37.47126229	126.89374578
37	37.44298553	126.92026382
38	37.47245775	126.89570692

EDGE_KM_D
0.00000000	2.02161094	1.06218438	1.80476704	2.16550723	1.05627444	1.06178934	2.25138758	1.13449752	2.33188754	0.82115827	1.79130475	1.26277505	0.82973025	3.63968853	0.61941878	2.28652520	2.10563945	1.30973063	1.44173106	1.83056365	1.71418950	0.10251175	0.57507533	0.85357857	1.11299025	0.94766713	1.74669910	1.58741755	1.98162543	2.11814930	0.92388480	0.63318803	2.46201357	2.88619914	1.43413112	1.66083561	2.28648356	1.70788716
2.02161094	0.00000000	3.07676249	0.28698745	2.03114975	2.83408417	2.99459304	1.95696064	2.69485022	3.99256350	2.78241011	3.81179777	1.88490215	2.24702282	5.56374548	2.11157080	0.30360693	1.63981893	0.75053460	3.45433253	0.38094572	3.58912262	2.09227604	2.59503355	1.46654437	3.08645255	1.86341928	0.70562559	0.99364626	0.09279451	0.71544005	1.35052634	2.63387551	4.48253600	4.81021294	3.08285602	3.57382014	0.59825450	3.55526627
1.06218438	3.07676249	0.00000000	2.86631280	2.77206332	1.00522912	0.38516787	2.90129834	1.32076961	1.93473859	0.37868554	0.77497808	1.86668207	1.38680158	2.77592736	1.15396881	3.34676857	2.85189602	2.37191013	0.37958221	2.85975775	1.13868081	1.00784180	0.48908687	1.84555581	0.24909376	1.59718096	2.73013721	2.51794567	3.04033065	3.09718750	1.93805760	0.44691777	1.43184142	2.05554114	1.33752985	1.01928438	3.29310488	1.18772772
1.80476704	0.28698745	2.86631280	0.00000000	2.11324464	2.57018490	2.81103716	2.05963547	2.41969858	3.71330483	2.58994960	3.58636563	1.83518721	1.97368167	5.30252511	1.96216828	0.48546082	1.74766345	0.50045764	3.24557858	0.48993181	3.32765707	1.86810699	2.37980818	1.19411698	2.89299295	1.76644594	0.78753741	1.02800227	0.20673739	0.91397646	1.07760958	2.42890600	4.25617590	4.55057014	2.80795511	3.31724034	0.85352122	3.29107165
2.16550723	2.03114975	2.77206332	2.11324464	0.00000000	3.21222077	2.46190369	0.16723457	3.29315074	4.47747126	2.39419914	3.51185051	0.92791515	2.92714523	5.54459169	1.67135205	2.29093746	0.41916285	2.03083106	3.04593651	1.65660615	3.78471413	2.26639513	2.48135079	2.42739724	2.61783499	1.23766180	1.33383319	1.09435285	2.08940904	1.40204269	2.37459628	2.41004640	4.09990981	4.82721837	3.59817954	3.69932765	1.65650329	3.79922900
1.05627444	2.83408417	1.00522912	2.57018490	3.21222077	0.00000000	1.32647362	3.30412729	0.33629648	1.27618203	1.15356259	1.29725943	2.29421948	0.63309507	2.73274858	1.57596546	3.04746138	3.16158856	2.08388966	1.23724711	2.73597302	0.75912087	0.95378149	0.85008235	1.38144306	1.23783947	1.97868611	2.72150991	2.60661639	2.77171599	3.08611541	1.49737022	0.97987043	1.88741685	1.98270834	0.39973388	0.76616802	3.21557525	0.72120203
1.06178934	2.99459304	0.38516787	2.81103716	2.46190369	1.32647362	0.00000000	2.59991423	1.61656460	2.31957907	0.24523818	1.05068954	1.58625708	1.59456680	3.08876385	0.93700914	3.27919429	2.58020219	2.33349619	0.58409181	2.73951776	1.52371396	1.04264700	0.58608237	1.90755783	0.16040608	1.34999211	2.57176453	2.33174382	2.96909182	2.92894779	1.98420818	0.46232063	1.65373152	2.38946582	1.68699408	1.40323907	3.14401130	1.57273718
2.25138758	1.95696064	2.90129834	2.05963547	0.16723457	3.30412729	2.59991423	0.00000000	3.37070447	4.57454903	2.52273599	3.64807332	1.04165473	2.99254478	5.67647266	1.78405222	2.20522982	0.31739853	2.01678388	3.18389555	1.58960354	3.89496586	2.35322461	2.59396801	2.45799856	2.75436229	1.34229397	1.27302153	1.06134575	2.02044727	1.30073297	2.39822400	2.52849362	4.24359731	4.95445156	3.68549816	3.81313207	1.54711294	3.90658252
1.13449752	2.69485022	1.32076961	2.41969858	3.29315074	0.33629648	1.61656460	3.37070447	0.00000000	1.30741959	1.42157664	1.62636344	2.39726253	0.44974868	2.92214116	1.71882116	2.88442063	3.20003148	1.95398734	1.57106737	2.63986009	0.98842112	1.03762427	1.08844560	1.22866272	1.54308348	2.08207697	2.66500093	2.58670652	2.62522039	3.01898025	1.34439137	1.22594853	2.19679250	2.18717413	0.38826507	1.03046401	3.12324984	0.92815839
2.33188754	3.99256350	1.93473859	3.71330483	4.47747126	1.27618203	2.31957907	4.57454903	1.30741959	0.00000000	2.23800143	1.63438727	3.55325374	1.75648018	1.81248336	2.81912355	4.16732742	4.43750616	3.25778318	1.92565699	3.94725766	0.80395393	2.22937777	2.02946256	2.53066873	2.17801709	3.24015560	3.96659358	3.87162761	3.91979961	4.32379776	2.64518273	2.13195853	1.82228912	1.20724518	0.92879734	0.93580535	4.43066018	0.74723772
0.82115827	2.78241011	0.37868554	2.58994960	2.39419914	1.15356259	0.24523818	2.52273599	1.42157664	2.23800143	0.00000000	1.14367894	1.48818495	1.36427136	3.15460000	0.78368492	3.06263032	2.47479639	2.10670139	0.70558731	2.54135970	1.46302585	0.79830203	0.35292881	1.66344459	0.30404850	1.22230112	2.39083032	2.16528454	2.75321503	2.75378013	1.74149858	0.22090487	1.78558677	2.43302274	1.53338378	1.35509573	2.95955624	1.49996264
1.79130475	3.81179777	0.77497808	3.58636563	3.51185051	1.29725943	1.05068954	3.64807332	1.62636344	1.63438727	1.14367894	0.00000000	2.62426207	1.87383370	2.04000620	1.92628625	4.07089616	3.61527972	3.08669792	0.46901560	3.61502061	0.89708667	1.71993291	1.22385027	2.49028453	0.89402540	2.36577471	3.49853002	3.29171146	3.76908986	3.86708705	2.59462747	1.21401710	0.67076779	1.36100261	1.44512411	0.76548427	4.05738852	0.98286048
1.26277505	1.88490215	1.86668207	1.83518721	0.92791515	2.29421948	1.58625708	1.04165473	2.39726253	3.55325374	1.48818495	2.62426207	0.00000000	2.06220904	4.64240008	0.74382863	2.18696302	0.99398132	1.54394614	2.16618498	1.52612962	2.85703544	1.36069256	1.55412216	1.69541083	1.73513660	0.31622017	1.24521254	0.94364035	1.90446523	1.52990455	1.67503665	1.48684301	3.23977730	3.91576079	2.68503712	2.77285579	1.78623310	2.87132126
0.82973025	2.24702282	1.38680158	1.97368167	2.92714523	0.63309507	1.59456680	2.99254478	0.44974868	1.75648018	1.36427136	1.87383370	2.06220904	0.00000000	3.34677869	1.44809902	2.44229557	2.80263204	1.50453897	1.70928591	2.19099278	1.38366985	0.75142676	1.01154141	0.78048673	1.56425377	1.75420868	2.22392095	2.15986702	2.17860081	2.57437253	0.89665949	1.14538615	2.49732548	2.60277943	0.83642514	1.39894497	2.67443556	1.33585810
3.63968853	5.56374548	2.77592736	5.30252511	5.54459169	2.73274858	3.08876385	5.67647266	2.92214116	1.81248336	3.15460000	2.04000620	4.64240008	3.34677869	0.00000000	3.91887085	5.78017581	5.62371114	4.81323148	2.50902160	5.44169791	1.97495069	3.54721966	3.13905431	4.11362199	2.93025933	4.36638225	5.38541358	5.21966844	5.50324478	5.75654552	4.22976793	3.17393092	1.56091231	0.75568217	2.54633422	1.99441484	5.91279589	2.01321019
0.61941878	2.11157080	1.15396881	1.96216828	1.67135205	1.57596546	0.93700914	1.78405222	1.71882116	2.81912355	0.78368492	1.92628625	0.74382863	1.44809902	3.91887085	0.00000000	2.40702822	1.70542385	1.52575042	1.48666020	1.82673859	2.11336216	0.69869402	0.81031174	1.33430917	1.06484335	0.44824378	1.63949414	1.39474230	2.09799598	1.99321416	1.36517040	0.74835525	2.56800426	3.18454720	1.97311157	2.02924867	2.21302571	2.12865613
2.28652520	0.30360693	3.34676857	0.48546082	2.29093746	3.04746138	3.27919429	2.20522982	2.88442063	4.16732742	3.06263032	4.07089616	2.18696302	2.44229557	5.78017581	2.40702822	0.00000000	1.88824632	0.98589484	3.72561061	0.66999695	3.80601255	2.35181919	2.86153461	1.66703354	3.36637753	2.16656010	0.98718714	1.28419838	0.31033138	0.91860156	1.55068265	2.90706608	4.74093385	5.02952699	3.27232376	3.79842635	0.72665088	3.76742479
2.10563945	1.63981893	2.85189602	1.74766345	0.41916285	3.16158856	2.58020219	0.31739853	3.20003148	4.43750616	2.47479639	3.61527972	0.99398132	2.80263204	5.62371114	1.70542385	1.88824632	0.00000000	1.73116458	3.15936675	1.27395483	3.78987692	2.20814391	2.50314820	2.21932501	2.72842354	1.25743592	0.96016386	0.76893201	1.70399349	0.98755358	2.15092669	2.45300267	4.23375839	4.88976711	3.53183397	3.71700034	1.23881507	3.79464133
1.30973063	0.75053460	2.37191013	0.50045764	2.03083106	2.08388966	2.33349619	2.01678388	1.95398734	3.25778318	2.10670139	3.08669792	1.54394614	1.50453897	4.81323148	1.52575042	0.98589484	1.73116458	0.00000000	2.75146169	0.71508565	2.83858867	1.36991322	1.88407931	0.72729904	2.40808609	1.40580752	0.85882886	0.96242033	0.69260943	1.14357325	0.61399128	1.93819353	3.75624143	4.05982082	2.34089900	2.82393170	1.19099904	2.80500849
1.44173106	3.45433253	0.37958221	3.24557858	3.04593651	1.23724711	0.58409181	3.18389555	1.57106737	1.92565699	0.70558731	0.46901560	2.16618498	1.70928591	2.50902160	1.48666020	3.72561061	3.15936675	2.75146169	0.00000000	3.23163180	1.12721726	1.38678482	0.86839994	2.21706206	0.43105910	1.91774450	3.09258312	2.87066120	3.41879899	3.45720400	2.31196272	0.82091254	1.08148022	1.82316393	1.50198511	0.99178868	3.65896820	1.19747418
1.83056365	0.38094572	2.85975775	0.48993181	1.65660615	2.73597302	2.73951776	1.58960354	2.63986009	3.94725766	2.54135970	3.61502061	1.52612962	2.19099278	5.44169791	1.82673859	0.66999695	1.27395483	0.71508565	3.23163180	0.00000000	3.47670474	1.91276617	2.39117102	1.42864285	2.84393096	1.53470309	0.32538690	0.61467658	0.43283547	0.44510282	1.31992640	2.41293255	4.28408018	4.68602480	3.02261891	3.44750334	0.48344815	3.45153726
1.71418950	3.58912262	1.13868081	3.32765707	3.78471413	0.75912087	1.52371396	3.89496586	0.98842112	0.80395393	1.46302585	0.89708667	2.85703544	1.38366985	1.97495069	2.11336216	3.80601255	3.78987692	2.83858867	1.12721726	3.47670474	0.00000000	1.61545569	1.30378552	2.14050919	1.37826790	2.55278515	3.44059863	3.30012247	3.52829976	3.80943648	2.25635492	1.38635881	1.29416053	1.22365641	0.66680930	0.13711270	3.95244744	0.08873796
0.10251175	2.09227604	1.00784180	1.86810699	2.26639513	0.95378149	1.04264700	2.35322461	1.03762427	2.22937777	0.79830203	1.71993291	1.36069256	0.75142676	3.54721966	0.69869402	2.35181919	2.20814391	1.36991322	1.38678482	1.91276617	1.61545569	0.00000000	0.51890727	0.86516198	1.07962129	1.04497693	1.83819774	1.68490571	2.04920542	2.20939424	0.94549454	0.59606046	2.39053279	2.79301684	1.33246982	1.56453109	2.37298894	1.60782506
0.57507533	2.59503355	0.48908687	2.37980818	2.48135079	0.85008235	0.58608237	2.59396801	1.08844560	2.02946256	0.35292881	1.22385027	1.55412216	1.01154141	3.13905431	0.81031174	2.86153461	2.50314820	1.88407931	0.86839994	2.39117102	1.30378552	0.51890727	0.00000000	1.36677891	0.58271205	1.25361017	2.28140176	2.08986418	2.55626744	2.65169181	1.45527657	0.13873654	1.89328064	2.39475735	1.24516985	1.21917632	2.83573354	1.32198493
0.85357857	1.46654437	1.84555581	1.19411698	2.42739724	1.38144306	1.90755783	2.45799856	1.22866272	2.53066873	1.66344459	2.49028453	1.69541083	0.78048673	4.11362199	1.33430917	1.66703354	2.21932501	0.72729904	2.21706206	1.42864285	2.14050919	0.86516198	1.36677891	0.00000000	1.94162724	1.44156270	1.50343261	1.49950304	1.39848230	1.83372378	0.11654064	1.45871408	3.14864180	3.36414366	1.61645076	2.13827512	1.91064858	2.10057295
1.11299025	3.08645255	0.24909376	2.89299295	2.61783499	1.23783947	0.16040608	2.75436229	1.54308348	2.17801709	0.30404850	0.89402540	1.73513660	1.56425377	2.93025933	1.06484335	3.36637753	2.72842354	2.40808609	0.43105910	2.84393096	1.37826790	1.07962129	0.58271205	1.94162724	0.00000000	1.48959151	2.68828435	2.45642951	3.05706091	3.04914540	2.02500179	0.48357485	1.50887585	2.22923083	1.58173849	1.25488614	3.25849139	1.43080537
0.94766713	1.86341928	1.59718096	1.76644594	1.23766180	1.97868611	1.34999211	1.34229397	2.08207697	3.24015560	1.22230112	2.36577471	0.31622017	1.75420868	4.36638225	0.44824378	2.16656010	1.25743592	1.40580752	1.91774450	1.53470309	2.55278515	1.04497693	1.25361017	1.44156270	1.48959151	0.00000000	1.29775313	1.02101389	1.86756928	1.62721309	1.43590537	1.19650695	2.99829313	3.63277192	2.36895133	2.47241800	1.86623084	2.56443667
1.74669910	0.70562559	2.73013721	0.78753741	1.33383319	2.72150991	2.57176453	1.27302153	2.66500093	3.96659358	2.39083032	3.49853002	1.24521254	2.22392095	5.38541358	1.63949414	0.98718714	0.96016386	0.85882886	3.09258312	0.32538690	3.44059863	1.83819774	2.28140176	1.50343261	2.68828435	1.29775313	0.00000000	0.30541800	0.75729446	0.37150472	1.40672557	2.28529419	4.16181428	4.63104425	3.03779654	3.39897827	0.57380017	3.42352446
1.58741755	0.99364626	2.51794567	1.02800227	1.09435285	2.60661639	2.33174382	1.06134575	2.58670652	3.87162761	2.16528454	3.29171146	0.94364035	2.15986702	5.21966844	1.39474230	1.28419838	0.76893201	0.96242033	2.87066120	0.61467658	3.30012247	1.68490571	2.08986418	1.49950304	2.45642951	1.02101389	0.30541800	0.00000000	1.03458706	0.60624684	1.41848462	2.07902765	3.94785309	4.46867169	2.94611832	3.24816366	0.84956548	3.29016797
1.98162543	0.09279451	3.04033065	0.20673739	2.08940904	2.77171599	2.96909182	2.02044727	2.62522039	3.91979961	2.75321503	3.76908986	1.90446523	2.17860081	5.50324478	2.09799598	0.31033138	1.70399349	0.69260943	3.41879899	0.43283547	3.52829976	2.04920542	2.55626744	1.39848230	3.05706091	1.86756928	0.75729446	1.03458706	0.00000000	0.79791102	1.28208119	2.59946268	4.43956765	4.75056672	3.01344201	3.51573317	0.69030043	3.49284304
2.11814930	0.71544005	3.09718750	0.91397646	1.40204269	3.08611541	2.92894779	1.30073297	3.01898025	4.32379776	2.75378013	3.86708705	1.52990455	2.57437253	5.75654552	1.99321416	0.91860156	0.98755358	1.14357325	3.45720400	0.44510282	3.80943648	2.20939424	2.65169181	1.83372378	3.04914540	1.62721309	0.37150472	0.60624684	0.79791102	0.00000000	1.73048872	2.65330489	4.52902841	5.00202443	3.39538025	3.76918743	0.26684512	3.79118551
0.92388480	1.35052634	1.93805760	1.07760958	2.37459628	1.49737022	1.98420818	2.39822400	1.34439137	2.64518273	1.74149858	2.59462747	1.67503665	0.89665949	4.22976793	1.36517040	1.55068265	2.15092669	0.61399128	2.31196272	1.31992640	2.25635492	0.94549454	1.45527657	0.11654064	2.02500179	1.43590537	1.40672557	1.41848462	1.28208119	1.73048872	0.00000000	1.54143274	3.25512030	3.48001014	1.73233519	2.25310239	1.80083011	2.21680470
0.63318803	2.63387551	0.44691777	2.42890600	2.41004640	0.97987043	0.46232063	2.52849362	1.22594853	2.13195853	0.22090487	1.21401710	1.48684301	1.14538615	3.17393092	0.74835525	2.90706608	2.45300267	1.93819353	0.82091254	2.41293255	1.38635881	0.59606046	0.13873654	1.45871408	0.48357485	1.19650695	2.28529419	2.07902765	2.59946268	2.65330489	1.54143274	0.00000000	1.87681483	2.43680750	1.37153181	1.29256222	2.84686348	1.41146744
2.46201357	4.48253600	1.43184142	4.25617590	4.09990981	1.88741685	1.65373152	4.24359731	2.19679250	1.82228912	1.78558677	0.67076779	3.23977730	2.49732548	1.56091231	2.56800426	4.74093385	4.23375839	3.75624143	1.08148022	4.28408018	1.29416053	2.39053279	1.89328064	3.14864180	1.50887585	2.99829313	4.16181428	3.94785309	4.43956765	4.52902841	3.25512030	1.87681483	0.00000000	1.04849652	1.94295442	1.19945931	4.72339739	1.38060303
2.88619914	4.81021294	2.05554114	4.55057014	4.82721837	1.98270834	2.38946582	4.95445156	2.18717413	1.20724518	2.43302274	1.36100261	3.91576079	2.60277943	0.75568217	3.18454720	5.02952699	4.88976711	4.05982082	1.82316393	4.68602480	1.22365641	2.79301684	2.39475735	3.36414366	2.22923083	3.63277192	4.63104425	4.46867169	4.75056672	5.00202443	3.48001014	2.43680750	1.04849652	0.00000000	1.82074285	1.23889576	5.15720602	1.26692174
1.43413112	3.08285602	1.33752985	2.80795511	3.59817954	0.39973388	1.68699408	3.68549816	0.38826507	0.92879734	1.53338378	1.44512411	2.68503712	0.83642514	2.54633422	1.97311157	3.27232376	3.53183397	2.34089900	1.50198511	3.02261891	0.66680930	1.33246982	1.24516985	1.61645076	1.58173849	2.36895133	3.03779654	2.94611832	3.01344201	3.39538025	1.73233519	1.37153181	1.94295442	1.82074285	0.00000000	0.74397601	3.50573410	0.59154771
1.66083561	3.57382014	1.01928438	3.31724034	3.69932765	0.76616802	1.40323907	3.81313207	1.03046401	0.93580535	1.35509573	0.76548427	2.77285579	1.39894497	1.99441484	2.02924867	3.79842635	3.71700034	2.82393170	0.99178868	3.44750334	0.13711270	1.56453109	1.21917632	2.13827512	1.25488614	2.47241800	3.39897827	3.24816366	3.51573317	3.76918743	2.25310239	1.29256222	1.19945931	1.23889576	0.74397601	0.00000000	3.91982408	0.21822874
2.28648356	0.59825450	3.29310488	0.85352122	1.65650329	3.21557525	3.14401130	1.54711294	3.12324984	4.43066018	2.95955624	4.05738852	1.78623310	2.67443556	5.91279589	2.21302571	0.72665088	1.23881507	1.19099904	3.65896820	0.48344815	3.95244744	2.37298894	2.83573354	1.91064858	3.25849139	1.86623084	0.57380017	0.84956548	0.69030043	0.26684512	1.80083011	2.84686348	4.72339739	5.15720602	3.50573410	3.91982408	0.00000000	3.92913912
1.70788716	3.55526627	1.18772772	3.29107165	3.79922900	0.72120203	1.57273718	3.90658252	0.92815839	0.74723772	1.49996264	0.98286048	2.87132126	1.33585810	2.01321019	2.12865613	3.76742479	3.79464133	2.80500849	1.19747418	3.45153726	0.08873796	1.60782506	1.32198493	2.10057295	1.43080537	2.56443667	3.42352446	3.29016797	3.49284304	3.79118551	2.21680470	1.41146744	1.38060303	1.26692174	0.59154771	0.21822874	3.92913912	0.00000000

EDGE_KM_T
0.00000000	2.79889605	1.41238083	2.43546988	2.20860480	1.19699640	1.13656936	2.35012472	1.29685534	2.68972920	0.91631642	2.50227404	1.43732189	1.12544801	5.06192280	0.85672475	3.11271670	2.43911629	1.73896430	1.91412870	2.58723856	2.26981694	0.11772656	0.77903261	0.94097634	1.32322853	1.09760970	2.44513467	2.14529083	2.71725723	2.96647428	0.92735109	0.78566614	3.43688116	4.00011463	1.48765003	2.25473333	3.23015402	2.21455982
2.79912134	0.00000000	4.21163035	0.36343835	2.79127962	3.99613795	3.93583180	2.73077108	3.74373738	5.48890262	3.71554634	5.30158847	2.02001605	3.13118133	7.86131908	2.61649781	0.31386109	2.29085921	1.05999869	4.71342438	0.49539498	5.06903278	2.91685011	3.57822141	2.04285201	4.12249482	2.03012251	0.93304788	1.24387976	0.10274716	0.99780803	1.87859239	3.58486845	6.23626870	6.79944832	4.28677864	5.05396105	0.72790621	5.01376447
1.41232872	4.21113318	0.00000000	3.84771196	3.53386518	1.40523792	0.46971573	3.76244797	1.80841071	2.41968469	0.49605644	1.08986684	2.47219589	1.63699143	3.64948232	1.59501542	4.52493741	3.85142522	3.15122865	0.50172912	3.99949485	1.36307918	1.29460305	0.63332354	2.16843901	0.34080087	2.18135834	3.85740666	3.55757935	4.12949380	4.37873391	2.33268451	0.62669549	2.02444423	2.58769960	1.89010423	1.16975001	4.64239919	1.47577266
2.43563068	0.36343536	3.84810823	0.00000000	2.97188222	3.63264233	3.57230651	2.91137841	3.38025249	5.12539917	3.35202903	4.93805042	2.20061390	2.76770364	7.49776093	2.25299612	0.67728652	2.47147518	0.69654690	4.34989092	0.67604274	4.70551892	2.55335891	3.21471419	1.67938911	3.75896858	1.86089925	1.11368615	1.42450805	0.28179761	1.17845378	1.51513195	3.22135792	5.87271270	6.43590553	3.92328619	4.69044428	0.90856068	4.65025336
2.20861614	2.79149995	3.53415402	2.97214468	0.00000000	3.31855865	3.25836778	0.22862824	3.50551733	4.81135370	3.03805131	4.62417402	1.06171496	3.33416741	7.18398268	1.93894206	3.08453222	0.50047237	2.84658117	4.03599205	2.29606006	4.39152431	2.29321549	2.90068717	3.14981337	3.44503447	1.35254482	1.85837034	1.54749966	2.89424846	1.79363919	3.13620772	2.90734709	5.55892399	6.12205223	3.60918700	4.37646391	2.06357490	4.33624534
1.19697733	3.99566082	1.40517993	3.63224614	3.31851691	0.00000000	1.87488872	3.54708936	0.40314934	1.49270273	1.60701132	1.30511453	2.33098202	0.86481462	3.86468606	1.75036624	4.30944334	3.63604768	2.93579223	1.59604172	3.78404778	1.07275045	1.07925285	1.12717595	1.95302690	1.74597180	1.99127291	3.64198034	3.34217487	3.91402068	4.16329124	2.11726702	1.32325697	2.23965265	2.80293695	0.48485937	1.05765563	4.42693744	1.01750389
1.13655947	3.93543973	0.46972007	3.57201441	3.25809398	1.87499431	0.00000000	3.48668325	2.27818180	2.88943036	0.26790580	1.36570105	2.19641818	2.10677241	3.92534407	1.31923106	4.24925755	3.57567235	2.87551267	0.77755702	3.72378554	1.83281059	1.06593192	0.74777709	1.92229652	0.18665890	1.90558173	3.58168437	3.28184337	3.85380082	4.10302184	2.05695668	0.55168427	2.30030304	2.86354029	2.35986499	1.63947742	4.36669908	1.94550783
2.35015204	2.73098911	3.76279300	2.91163291	0.22862970	3.54718945	3.48700775	0.00000000	3.44499118	5.03998691	3.26668880	4.85281792	1.29034613	3.27364349	7.41263279	2.16757473	3.02402444	0.43994814	2.78606526	4.26463453	2.23554565	4.62016074	2.46788308	3.12932155	3.08929402	3.67367472	1.58117574	1.79785300	1.48697924	2.83373772	1.73312415	3.07568913	3.13598249	5.78757343	6.35069760	3.83781681	4.60510124	2.00306256	4.56488092
1.29683161	3.74333140	1.80831894	3.37991755	3.50543054	0.40314637	2.27802685	3.44496075	0.00000000	1.74501327	2.01015167	1.69249232	2.73412805	0.61249694	4.11698142	2.15351092	4.05711116	3.38373028	2.68346737	1.99917759	3.53172156	1.32505810	1.21222571	1.53031910	1.70070512	2.14910967	2.39441916	3.38965675	3.08985406	3.66169116	3.91096559	1.86494455	1.72639920	2.49194861	3.05523657	0.54297942	1.30996248	4.17460936	1.26981230
2.68962113	5.48804965	2.41955768	5.12464875	4.81116727	1.49266667	2.88925184	5.03971792	1.74493292	0.00000000	2.62141125	2.30366201	3.74953026	2.35739859	2.37173110	2.87238277	5.80178641	5.12863636	4.42825682	2.61036724	5.27648992	1.05653471	2.57189914	2.14162241	3.44554272	2.76033057	3.45868728	5.13446619	4.83470677	5.40640792	5.65574267	3.60977148	2.33768815	2.46644864	1.31005283	1.20198619	1.24984407	5.91934863	0.94385991
0.91630648	3.71518189	0.49606261	3.35175684	3.03784111	1.60708661	0.26790510	3.26642997	2.01027316	2.62152335	0.00000000	1.58594989	1.97616572	1.83886314	4.14559116	1.09897903	4.02899884	3.35541831	2.65525628	0.99780627	3.50352872	1.56490448	0.79858011	0.47987041	1.67245237	0.40690878	1.68532920	3.36142837	3.06158825	3.63354295	3.88276519	1.83670104	0.28377788	2.52055031	3.08378872	2.09195701	1.37157157	4.14644167	1.67760149
2.50209049	5.30077236	1.08983152	4.93735777	4.62363011	1.30511330	1.36565527	4.85220242	1.69250552	2.30382060	1.58587729	0.00000000	3.56197134	2.16992740	2.55957095	2.68480163	5.61455459	4.94116049	4.24090426	0.58812751	5.08915966	1.24723818	2.38436602	1.72312202	3.25813925	1.17899976	3.27113202	4.94709249	4.64728732	5.21913221	5.46840318	3.42237929	1.71650132	0.93453760	1.49782228	1.77421577	1.05391547	5.73204912	1.35992557
1.43735022	2.02004777	2.47235386	2.20070256	1.06169896	2.33099225	2.19655695	1.29031128	2.73423201	3.74961648	1.97626737	3.56232021	0.00000000	2.56285779	6.12206119	0.87721076	2.31304660	1.37934255	2.07518433	2.97415374	1.52761070	3.32975202	1.52195140	1.83893723	2.37845396	2.38322046	0.33971585	1.38546330	1.08557362	2.12279511	1.90683718	2.36484002	1.84558598	4.49700971	5.06018250	2.81587841	3.31468179	2.17055697	3.27448229
1.12541324	3.13089547	1.63694594	2.76747731	3.33401423	0.86483550	2.10665842	3.27353763	0.61250734	2.35754733	1.83877173	2.16999942	2.56271859	0.00000000	4.72959434	1.98210845	3.44468954	2.83368417	2.07100776	1.82782091	2.91926897	1.93760717	1.04080813	1.35892460	1.08822949	1.97774260	2.22300855	2.77719049	2.47737340	3.04925573	3.29851009	1.25247247	1.55500948	3.10455844	3.66782734	1.15549763	1.92251575	3.56216644	1.88235741
5.06117852	7.85946469	3.64914471	7.49607149	7.18272833	3.86423683	3.92499115	7.41126681	4.11647548	2.37159030	4.14515604	2.55942718	6.12110354	4.72892259	0.00000000	5.24396854	8.17317591	7.50016299	6.79971416	3.14752175	7.64793472	2.79161740	4.94345793	4.28232855	5.81702867	3.73834239	5.83025850	7.50593540	7.20620169	7.77782207	8.02719267	5.98125109	4.27573158	1.62501802	1.06163873	3.57354817	2.80673315	8.29077616	2.84684422
0.85674581	2.61635432	1.59508833	2.25292244	1.93888400	1.75040112	1.31928292	2.16748365	2.15361216	2.87240100	1.09901473	2.68501199	0.87719777	1.98221861	5.24469913	0.00000000	2.93019393	2.25649175	1.55639118	2.09685785	2.40467474	2.45250864	0.94134844	0.96171163	1.79777518	1.50594389	0.58636307	2.26255274	1.96268981	2.53471616	2.78390662	1.78415463	0.96835150	3.61965340	4.18286161	2.23527877	2.43743060	3.04760302	2.39724628
3.11298493	0.31386147	4.52549515	0.67729993	3.08427589	4.31000173	4.24969672	3.02376718	4.05760075	5.80276669	4.02941095	5.61545387	2.31301251	3.44504442	8.17518524	2.93036182	0.00000000	2.58385497	1.37386079	5.02728960	0.78838953	5.38289725	3.23071372	3.89208563	2.35671454	4.43635977	2.34398631	1.22604278	1.53687505	0.39549886	1.29080265	2.19245482	3.89873280	6.55013479	7.11331390	4.60064229	5.36782563	1.02090050	5.32762884
2.43920740	2.29101302	3.85182808	2.47165875	0.50046788	3.63624162	3.57604078	0.43994257	3.38380301	5.12903404	3.35572699	4.94184273	1.37939752	2.83369469	7.50164464	2.25662299	2.58404196	0.00000000	2.34609976	4.35366230	1.79557701	4.70920115	2.55693810	3.21836624	2.64933569	3.76270715	1.67022765	1.35789048	1.04702315	2.39376141	1.29315681	2.63572921	3.22502505	5.87658667	6.43971936	3.92687103	4.69413977	1.56308960	4.65392310
1.73904299	1.05996501	3.15148751	0.69653279	2.84634208	2.93604943	2.87568246	2.78584323	2.68367084	4.42879806	2.65541336	4.24141297	2.07506878	2.07112956	6.80110240	1.55639686	1.37380576	2.34594909	0.00000000	3.65325832	0.84828412	4.00890688	1.85677065	2.51810911	0.98283054	3.06234354	1.73535497	0.98818347	1.29899489	0.97832690	1.22751576	0.81857597	2.52474936	5.17605642	5.73926313	3.22669662	3.99382918	1.49121316	3.95364420
1.91403338	4.71280624	0.50172264	4.34938673	4.03557066	1.59610287	0.77754118	4.26415074	1.99926954	2.61055411	0.99777633	0.58813509	2.97390408	1.82784613	3.14773909	2.09672638	5.02660479	4.35312305	3.65291110	0.00000000	4.50117451	1.55395456	1.79630802	1.13503766	2.67012781	0.59088411	2.68306607	4.35909175	4.05927014	4.63116665	4.88041472	2.83437190	1.12841151	1.52270222	2.08596515	2.08096737	1.36062705	5.14407501	1.66664647
2.58743955	0.49540101	3.99996497	0.67605578	2.29590819	3.78445875	3.72416808	2.23539718	3.53205259	5.27722749	3.50387845	5.08993140	1.52761098	2.91949277	7.64967248	2.40482176	0.78839991	1.79548080	0.84829663	4.50176490	0.00000000	4.85736308	2.70516860	3.36654826	1.83115575	3.91083159	1.81844353	0.43765784	0.74849493	0.59814835	0.50241410	1.66689485	3.37319703	6.02462099	6.58779371	4.07509778	4.84229287	0.64294630	4.80209334
2.26968382	5.06826250	1.36304542	4.70485348	4.39122610	1.07271589	1.83274820	4.61978958	1.32501125	1.05656299	1.56488593	1.24719302	3.32957619	1.93749652	2.79185167	2.45241553	5.38202621	4.70873151	4.00842506	1.55388574	4.85667137	0.00000000	2.15196036	1.49074625	3.02568078	1.70382949	3.03873538	4.71462190	4.41483536	4.98662171	5.23591866	3.18991623	1.48413174	1.41002839	1.73013168	0.78204403	0.19331727	5.49954831	0.11268227
0.11772636	2.91660184	1.29464276	2.55317678	2.29320814	1.07926819	1.06592897	2.46784985	1.21224934	2.57199808	0.79858014	2.38453005	1.52192346	1.04083932	4.94417134	0.94132451	3.23041881	2.55683821	1.85667620	1.79638642	2.70494865	2.15208195	0.00000000	0.66130008	0.87387229	1.20548893	1.18221157	2.56284829	2.26300816	2.83496290	3.08418513	1.03812096	0.66793239	3.31913049	3.88236888	1.36992300	2.13699726	3.34786161	2.09682585
0.77901600	3.57785659	0.63333327	3.21443341	2.90055153	1.12720890	0.74776413	3.12913741	1.53038870	2.14165056	0.47986405	1.72321052	1.83887913	1.35897413	4.28283913	0.96169550	3.89166729	3.21812030	2.51794132	1.13506979	3.36621070	1.49077768	0.66128998	0.00000000	1.53514442	0.61884989	1.54804211	3.22411632	2.92428249	3.49621743	3.74544844	1.69939153	0.19609044	2.65779963	3.22104636	1.61207729	1.47569115	4.00911942	1.43552332
0.94096691	2.04273044	2.16851695	1.67930528	3.14957123	1.95314154	1.92229313	3.08908356	1.70078829	3.44587168	1.67245418	3.25840476	2.37828670	1.08826407	5.81804668	1.79768791	2.35654772	2.64920986	0.98280427	2.67026098	1.83107688	3.02595588	0.87387320	1.53517380	0.00000000	2.07936326	2.03857478	1.68897621	1.60228478	1.96109151	2.21031329	0.16424875	1.54180621	4.19300577	4.75624374	2.24379624	3.01087128	2.47399005	2.97069969
1.32319773	4.12204590	0.34080413	3.75862232	3.44473307	1.74606299	0.18665835	3.67331959	2.14924426	2.76050358	0.40690438	1.17903529	2.38306002	1.97783069	3.73866666	1.50587572	4.43585797	3.76230368	3.06212838	0.59089393	3.91039843	1.70388985	1.20547164	0.61885250	2.07932996	0.00000000	2.09222310	3.76830275	3.46846755	4.04040679	4.28963590	2.24357741	0.53754879	2.11362687	2.67687179	2.23093182	1.51055837	4.55330807	1.81658550
1.09762814	2.03008350	2.18149107	1.86091985	1.35252694	1.99127591	1.90569048	1.58113378	2.39450325	3.45877534	1.68541015	3.27143895	0.33971493	2.22312067	5.83115665	0.58637166	2.34393821	1.67015502	1.73541721	2.68327782	1.81838634	3.03889881	1.18222995	1.54809171	2.03869971	2.09235289	0.00000000	1.67624993	1.37637182	1.94844587	2.19761516	2.02508291	1.55473662	4.20610765	4.76929576	2.47615839	3.02382520	2.46132483	2.98363227
2.44531070	0.93307028	3.85785321	1.11372343	1.85826973	3.64233259	3.58205804	1.79775616	3.38992061	5.13510559	3.36176408	4.94782829	1.38548548	2.77735687	7.50758029	2.26269890	1.22607456	1.35783507	0.98819783	4.35965930	0.43766299	4.71524683	2.56304005	3.22442840	1.68901183	3.76872206	1.67631760	0.00000000	0.31084252	1.03581781	0.52137798	1.52474958	3.23107897	5.88252764	6.44569317	3.93296990	4.70017821	0.78510255	4.65997560
2.14541603	1.24391342	3.55795917	1.42456651	1.54742773	3.34243802	3.28216406	1.48691406	3.09002582	4.83521117	3.06186994	4.64793457	1.08559093	2.47746194	7.20768697	1.96280445	1.53691790	1.04699280	1.29904064	4.05976548	0.74850590	4.41535262	2.26314538	2.92453406	1.60230395	3.46882810	1.37642303	0.31084272	0.00000000	1.34666096	0.82127349	1.58869140	2.93118470	5.58263428	6.14579955	3.63307526	4.40028406	1.08499824	4.36008134
2.71746508	0.10274705	4.12996343	0.28179981	2.89400744	3.91448001	3.85416380	2.83350051	3.66208307	5.40724202	3.63388104	5.21991614	2.12274226	3.04952946	7.77963994	2.53483780	0.39549525	2.39359157	0.97835560	4.63175361	0.59813811	4.98736865	2.83519366	3.49655953	1.96120515	4.04082650	1.94846443	1.03578779	1.34661629	0.00000000	1.10055048	1.79694637	3.50320545	6.15459029	6.71777439	4.20512177	4.97229593	0.83065161	4.93210128
2.96673362	0.99783711	4.37931002	1.17848704	1.79356399	4.16376086	4.10351827	1.73304533	3.91133733	5.65654227	3.88321570	5.46930226	1.90691505	3.29876582	8.02907590	2.78413369	1.29085208	1.29311493	1.22752773	4.88112831	0.50241736	5.23669474	3.08446355	3.74586916	2.21040485	4.29018331	2.19774630	0.52138602	0.82129194	1.10058501	0.00000000	2.04613995	3.75252330	6.40402094	6.96717223	4.45439474	5.22162925	0.26992051	5.18142055
0.92735070	1.87848989	2.33278587	1.51506376	3.13595549	2.11740179	2.05697436	3.07546627	1.86504503	3.61013448	1.83672152	3.42267888	2.36467251	1.25251846	5.98232738	1.78407531	2.19231042	2.63558975	0.81855835	2.83453360	1.66683255	3.19022209	1.03813201	1.69943784	0.16424955	2.24363352	2.02496034	1.52472879	1.58866064	1.79685107	2.04606830	0.00000000	1.70607134	4.35728576	4.92051941	2.40805545	3.17513845	2.30974792	3.13496501
0.78565313	3.58451298	0.62670710	3.22108877	2.90718817	1.32330453	0.55167883	3.13577569	1.72648807	2.33774347	0.28377597	1.71658989	1.84551412	1.55507601	4.27622550	0.96832879	3.89832714	3.22476160	2.52459199	1.12844756	3.37286306	1.48414862	0.66792692	0.19609160	1.54179122	0.53755211	1.55467737	3.23076538	2.93092807	3.50287394	3.75210011	1.70603919	0.00000000	2.65118526	3.21442739	1.80817404	1.46906311	4.01577413	1.42889331
3.43653536	6.23513876	2.02432105	5.87172841	5.55807701	2.23956522	2.30014930	5.78664260	2.49186537	2.46661488	2.52035999	0.93451213	4.49642498	3.10435386	1.62503031	3.61926215	6.54890690	5.87558840	5.17529397	1.52263311	6.02354247	1.41004724	3.31881167	2.65759039	4.19254474	2.11349513	4.20558452	5.88148876	5.58169776	6.15349812	6.40278885	4.35678128	2.65097440	0.00000000	1.37164761	1.94889478	1.21672866	6.66642241	1.52273073
3.99965333	6.79805995	2.58755098	6.43466023	6.12120003	2.80270083	2.86339051	6.34974881	3.05496284	1.31003726	3.08357280	1.49779875	5.05956490	3.66742566	1.06167219	4.18241933	7.11179278	6.43866383	5.73827363	2.08590335	6.58650480	1.73004168	3.88193156	3.22076728	4.75556393	2.67673970	4.76872160	6.44448482	6.14472936	6.71641808	6.96575835	4.91979171	3.21416309	1.37160056	0.00000000	2.51201909	1.74515108	7.22936085	1.78527448
1.48764062	4.28624525	1.88999697	3.92283483	3.60918223	0.48485484	2.35970124	3.83774793	0.54297076	1.20202121	2.09183523	1.77415205	2.81583514	1.15545941	3.57392653	2.23521243	4.60001362	3.92669392	3.22640010	2.08084261	4.07464870	0.78205408	1.36991691	1.61201425	2.24365061	2.23078297	2.47612716	3.93259477	3.63280355	4.20460462	4.45389504	2.40788721	1.80809054	1.94889617	2.51219933	0.00000000	0.76695511	4.71752879	0.72681144
2.25459349	5.05319337	1.16973020	4.68978320	4.37613522	1.05762366	1.63943419	4.60470052	1.30992313	1.24988537	1.37156887	1.05388390	3.31448350	1.92241116	2.80696787	2.43732097	5.36696088	4.69364577	3.99334962	1.36057486	4.84159781	0.19331839	2.13686983	1.47564958	3.01060109	1.51051585	3.02364299	4.69954470	4.39975434	4.97155270	5.22084432	3.17483748	1.46903380	1.21672615	1.74524199	0.76695302	0.00000000	5.48447732	0.30600171
3.23046702	0.72791654	4.64304306	0.90856651	2.06348391	4.42749419	4.36725127	2.00296530	4.17507079	5.92027552	4.14694880	5.73303512	2.17064837	3.56249936	8.29280852	3.04786696	1.02093140	1.56303501	1.49126157	5.14486122	0.64295710	5.50042787	3.34819694	4.00960236	2.47413856	4.55391630	2.46147964	0.78511981	1.08502561	0.83066444	0.26992041	2.30987369	4.01625647	6.66775359	7.23090503	4.71812811	5.48536235	0.00000000	5.44515371
2.21444031	5.01301315	1.47572652	4.64960445	4.33598273	1.01747290	1.94542896	4.56454572	1.26976713	0.94387991	1.67756754	1.35987244	3.27433333	1.88225163	2.84708806	2.39717318	5.32677581	4.65348674	3.95317744	1.66656565	4.80142324	0.11268198	2.09671691	1.43550449	2.97043434	1.81651016	2.98349243	4.65937477	4.35958929	4.93137232	5.18067074	3.13466953	1.42889033	1.52270591	1.78536969	0.72680071	0.30599894	5.44429947	0.00000000

DEMAND_SECTION
0 0
1 1
2 1
3 1
4 1
5 1
6 1
7 1
8 1
9 1
10 1
11 1
12 1
13 1
14 1
15 1
16 1
17 1
18 1
19 1
20 1
21 1
22 1
23 1
24 1
25 1
26 1
27 1
28 1
29 1
30 1
31 1
32 1
33 1
34 1
35 1
36 1
37 1
38 1

LOGISTIC_LOAD_SECTION
0	0
1	0
2	0
3	0
4	0
5	0
6	0
7	0
8	0
9	0
10	0
11	0
12	0
13	0
14	0
15	0
16	0
17	0
18	0
19	0
20	0
21	0
22	0
23	0
24	0
25	0
26	0
27	0
28	0
29	0
30	0
31	0
32	0
33	0
34	0
35	0
36	0
37	0
38	0

AVAILABILITY_LANDING_SPOT_SECTION
0	1
1	1
2	1
3	1
4	1
5	1
6	1
7	1
8	1
9	1
10	1
11	1
12	1
13	1
14	1
15	1
16	1
17	1
18	1
19	1
20	1
21	1
22	1
23	1
24	1
25	1
26	1
27	1
28	1
29	1
30	1
31	1
32	1
33	1
34	1
35	1
36	1
37	1
38	1

CUSTOMER_DRONE_PREFERENCE_SECTION
0	1
1	1
2	1
3	1
4	1
5	1
6	1
7	1
8	1
9	1
10	1
11	1
12	1
13	1
14	1
15	1
16	1
17	1
18	1
19	1
20	1
21	1
22	1
23	1
24	1
25	1
26	1
27	1
28	1
29	1
30	1
31	1
32	1
33	1
34	1
35	1
36	1
37	1
38	1

PRICE_SECTION
0	3
1	3
2	3
3	3
4	3
5	3
6	3
7	3
8	3
9	3
10	3
11	3
12	3
13	3
14	3
15	3
16	3
17	3
18	3
19	3
20	3
21	3
22	3
23	3
24	3
25	3
26	3
27	3
28	3
29	3
30	3
31	3
32	3
33	3
34	3
35	3
36	3
37	3
38	3

PRIORITY_DELIVERY_TIME_SECTION
0	0
1	0
2	0
3	0
4	0
5	0
6	0
7	0
8	0
9	0
10	0
11	0
12	0
13	0
14	0
15	0
16	0
17	0
18	0
19	0
20	0
21	0
22	0
23	0
24	0
25	0
26	0
27	0
28	0
29	0
30	0
31	0
32	0
33	0
34	0
35	0
36	0
37	0
38	0

EOF
