NAME: multi_modal_data
TYPE: MM

VEHICLES: 2
DIMENSION: 44

NUM_T: 2
NUM_D: 1

MAXIMUM_SYSTEM_DURATION: 300
UNIT: MIN

SERVICETIME: 5
UNIT: MIN

TAKEOFF_LANDING_TIME: 2
UNIT: MIN

MAX_WAITING_TIME: 99999999
UNIT: MIN

INIT_SOC: 100
MAX_SOC: 100
MIN_SOC_T: 3
MIN_SOC_D: 3
UNIT: %

DEMAND_T: 22
DEMAND_D: 0
UNIT: EA

MASS_T: 1940
MASS_D: 15
UNIT: KG

LIFT_TO_DRAG: 3
POWER_MOTOR_PROP: 0.5
UNIT: RATIO

POWER_ELEC: 0.1
UNIT: KW

CARGO_LIMIT_TRUCK: 99999999999999
UNIT: KG

CARGO_LIMIT_DRONE: 6
UNIT: KG

BATTERY_KWH_T: 100
BATTERY_KWH_D: 0.3
UNIT: KWH 

ENERGY_KWH/KM_T: 1.0
ENERGY_KWH/KM_D: 0.1
UNIT: KWH/KM

CHARGING_KW_D: 0.5
CHARGING_KW_T: 80
UNIT: KW 

LOSISTIC_KWH/KG_T: 0.001
LOSISTIC_KWH/KG_D: 0.001
UNIT: KWH/KG

SPEED_T: 0.3
SPEED_D: 1.0
UNIT: KM/MIN

ALTITUDE: 100
UNIT: M

CURVY_AIR: 1.0
UNIT: RATIO

CURVY_ROAD: 1.2
UNIT: RATIO

DEPOT_SECTION
0

EDGE_KM_D_TYPE: EUC_2D(haversine)
EDGE_KM_T_TYPE: MAN_2D(haversine)
EDGE_KM_D_FORMAT : FULL_MATRIX
EDGE_KM_T_FORMAT : FULL_MATRIX

NODE_COORD_SECTION
0	37.57644384	126.94151667
1	37.57626981	126.90720397
2	37.57972893	126.93029863
3	37.58512460	126.94593514
4	37.56731804	126.94470762
5	37.55828295	126.95426595
6	37.58880088	126.93697786
7	37.56143040	126.96418275
8	37.57740693	126.91254271
9	37.56654560	126.96159886
10	37.60450946	126.94432103
11	37.56672888	126.93181077
12	37.57265775	126.94633669
13	37.57848844	126.92076444
14	37.58686560	126.94600170
15	37.58674968	126.93593890
16	37.56569044	126.94046432
17	37.57286182	126.92066627
18	37.56318500	126.94401712
19	37.57451942	126.92720844
20	37.57908290	126.94518818
21	37.59781239	126.95070388
22	37.56898859	126.96150976
23	37.58647898	126.94065146
24	37.56949968	126.94898598
25	37.56553979	126.96358988
26	37.57959356	126.91629012
27	37.58955891	126.94729293
28	37.58580312	126.95262022
29	37.60678466	126.94980940
30	37.57703845	126.93960587
31	37.60330186	126.95215925
32	37.57567038	126.95106224
33	37.57081465	126.92033826
34	37.56122094	126.94770021
35	37.56047488	126.93434577
36	37.57324964	126.91950943
37	37.57727411	126.92597507
38	37.57829921	126.95268567
39	37.56112063	126.96342862
40	37.56554100	126.94938401
41	37.56875458	126.94860275
42	37.56094653	126.93486439
43	37.59107112	126.95367042

EDGE_KM_D
0.00000000	3.02392706	1.05391492	1.04082895	1.05299295	2.31098638	1.43106814	2.60340371	2.55560494	2.08420705	3.13052496	1.37792197	0.59806066	1.84287592	1.22438946	1.24691993	1.19931700	1.88019236	1.49069698	1.27898008	0.43680466	2.51019272	1.94728099	1.11845991	1.01466850	2.29229171	2.25050273	1.54460645	1.42844132	3.45196356	0.18090692	3.13023827	0.84560783	1.96861458	1.77828199	1.88479294	1.97171894	1.37272889	1.00566304	2.57541991	1.39661682	1.05879352	1.82023526	1.94740895
3.02392706	0.00000000	2.07123877	3.55223472	3.45190597	4.60493887	2.97071050	5.28599850	0.48717694	4.91439071	4.53384196	2.41424816	3.47203395	1.22022185	3.61619529	2.78741407	3.15857348	1.24546701	3.55580813	1.77366242	3.36194672	4.51991238	4.85402837	3.15847624	3.75844588	5.11069089	0.88189450	3.82920178	4.14014310	5.06013642	2.85673983	4.97241452	3.86567925	1.30683268	3.94196290	2.96768403	1.13527123	1.65799092	4.01444987	5.23389025	3.90419413	3.74300168	2.97429274	4.41293075
1.05391492	2.07123877	0.00000000	1.50283853	1.87537815	3.18572463	1.16789835	3.61361036	1.58588335	3.12382452	3.01977710	1.45167209	1.61737212	0.85143299	1.59513350	0.92545738	1.79983766	1.14177369	2.20134748	0.64009196	1.31407795	2.69738696	2.99868861	1.18135905	2.00150749	3.33131553	1.23456067	1.85397151	2.07969184	3.46495543	0.87305234	3.25277824	1.88462611	1.32402306	2.56660936	2.17046517	1.19294541	0.46869847	1.97922124	3.57869116	2.30609779	2.02269553	2.12692297	2.41492392
1.04082895	3.55223472	1.50283853	0.00000000	1.98295528	3.07364003	0.88884186	3.08670263	3.06515428	2.48463788	2.16018663	2.39447422	1.38670407	2.33757266	0.19367921	0.89916636	2.21411357	2.61110369	2.44542426	2.02828147	0.67502472	1.47205742	2.25901433	0.48932611	1.75809374	2.67643019	2.68372929	0.50738110	0.59387417	2.43255912	1.05807835	2.09429212	1.14424035	2.76046686	2.66251747	2.92504719	2.67703164	1.96360599	0.96429380	3.08238430	2.19870915	1.83538359	2.86004799	0.94961226
1.05299295	3.45190597	1.87537815	1.98295528	0.00000000	1.31115889	2.48401094	1.83716067	3.04864955	1.49123315	4.13564318	1.13858577	0.61086253	2.44856142	2.17658239	2.29472960	0.41548612	2.20671327	0.46358526	1.73774927	1.30887986	3.43174375	1.49248532	2.16038004	0.44837045	1.67595826	2.85225816	2.48354817	2.17051035	4.41145861	1.17065195	4.05474217	1.08453252	2.18271044	0.72747078	1.18875520	2.31668788	1.98775227	1.40902011	1.78820631	0.45708665	0.37864546	1.12011796	2.75679268
2.31098638	4.60493887	3.18572463	3.07364003	1.31115889	0.00000000	3.71978719	0.94158791	4.24792719	1.12334146	5.21433066	2.19077599	1.74451767	3.71029511	3.26063668	3.55363661	1.46914302	3.37612100	1.05509313	2.99112549	2.44732648	4.40667415	1.35083266	3.35701235	1.33124131	1.15176419	4.10093886	3.53161119	3.06354309	5.40743072	2.45334488	5.00932352	1.95390782	3.29913479	0.66458495	1.77273469	3.48627766	3.26753166	2.23006403	0.86710609	0.91461187	1.26687791	1.73563715	3.64626088
1.43106814	2.97071050	1.16789835	0.88884186	2.48401094	3.71978719	0.00000000	3.87437054	2.49828136	3.29116280	1.86267725	2.49618138	1.97542628	1.83195908	0.82372390	0.24576935	2.58806937	2.28195697	2.91513016	1.80636584	1.30042056	1.57054452	3.08656691	0.41404781	2.39289502	3.49142674	2.09077317	0.91277668	1.41804162	2.29713011	1.32826744	2.09498174	1.91627114	2.47992574	3.20903293	3.15824111	2.31511750	1.60712147	1.81092681	3.86100599	2.80796865	2.45318535	3.10286183	1.49229780
2.60340371	5.28599850	3.61361036	3.08670263	1.83716067	0.94158791	3.87437054	0.00000000	4.88571708	0.61268650	5.09990024	2.91349748	2.00813732	4.27093835	3.25060225	3.75793038	2.14358054	4.04058449	1.78814108	3.56903358	2.57979770	4.21626740	0.87283107	3.47252516	1.61219527	0.45992159	4.67925450	3.46386308	2.89536758	5.19977856	2.77561166	4.77493052	1.96072368	4.00280546	1.45303124	2.63212316	4.15093420	3.80043941	2.13192611	0.07486658	1.38215493	1.59656049	2.58481660	3.42362620
2.55560494	0.48717694	1.58588335	3.06515428	3.04864955	4.24792719	2.49828136	4.88571708	0.00000000	4.48892935	4.11363821	2.07206003	3.02466145	0.73445090	3.13037736	2.30862131	2.78439504	0.87633103	3.19307290	1.33173423	2.88289391	4.05644786	4.41584389	2.67448468	3.32992701	4.68844160	0.41009134	3.34701166	3.65296935	4.63167423	2.38531113	4.52496404	3.40007827	1.00465088	3.58338634	2.69024572	0.76853386	1.18382605	3.53898694	4.83666288	3.50476233	3.32043148	2.68708462	3.92968130
2.08420705	4.91439071	3.12382452	2.48463788	1.49123315	1.12334146	3.29116280	0.61268650	4.48892935	0.00000000	4.48754077	2.62554793	1.50707630	3.83599041	2.64472554	3.18759301	1.86519946	3.67530698	1.59407805	3.15797601	2.00878688	3.60683457	0.27176222	2.88455236	1.15917150	0.20809601	4.24850073	2.85266400	2.28285671	4.59339486	2.26236060	4.17089722	1.37543311	3.66738755	1.36062311	2.49518400	3.78368528	3.35860116	1.52484812	0.62441788	1.08238373	1.17147904	2.43727989	2.81519544
3.13052496	4.53384196	3.01977710	2.16018663	4.13564318	5.21433066	1.86267725	5.09990024	4.11363821	4.48754077	0.00000000	4.34323596	3.54620326	3.56085533	1.96749000	2.10836736	4.32984087	4.08998534	4.59515380	3.65978309	2.82834052	0.93313677	4.23018007	2.03080036	3.91455593	4.65400916	3.71153320	1.68291951	2.20482783	0.54567300	3.08276357	0.70343569	3.26130842	4.30155302	4.82267141	4.97470296	4.10628765	3.43283423	3.00619144	5.10998936	4.35600648	3.99362731	4.91513780	1.70626348
1.37792197	2.41424816	1.45167209	2.39447422	1.13858577	2.19077599	2.49618138	2.91349748	2.07206003	2.62554793	4.34323596	0.00000000	1.44000991	1.63020993	2.56467696	2.25574383	0.77140332	1.19574483	1.14576622	0.95653015	1.81025343	3.83640224	2.62960534	2.33021696	1.54479749	2.80409168	1.97921523	2.88199628	2.80384698	4.72793478	1.33646457	4.44447076	1.96653962	1.10851452	1.52857745	0.73042791	1.30428457	1.28041167	2.24496300	2.85576242	1.55450570	1.49703516	0.69702981	3.32223710
0.59806066	3.47203395	1.61737212	1.38670407	0.61086253	1.74451767	1.97542628	2.00813732	3.02466145	1.50707630	3.54620326	1.44000991	0.00000000	2.34502869	1.58011867	1.81518998	0.93170735	2.26247244	1.07297909	1.69843421	0.72157857	2.82341969	1.39810664	1.61645202	0.42170160	1.71426820	2.75794056	1.88121450	1.56306743	3.80706077	0.76755243	3.44588139	0.53446865	2.30044538	1.27738274	1.71816571	2.36522116	1.86641169	0.84057948	1.97867211	0.83568178	0.47775915	1.64870210	2.14704338
1.84287592	1.22022185	0.85143299	2.33757266	2.44856142	3.71029511	1.83195908	4.27093835	0.73445090	3.83599041	3.56085533	1.63020993	2.34502869	0.00000000	2.41109192	1.62229682	2.24487826	0.62571256	2.66372652	0.71921738	2.15332778	3.40239875	3.74302621	1.96480744	2.68047128	4.03959493	0.41299802	2.64193492	2.92258555	4.05570067	1.66821142	3.90698827	2.68834400	0.85411410	3.05325367	2.33342364	0.59293547	0.47862776	2.81311475	4.22712446	2.90425276	2.68153139	2.31279575	3.21948092
1.22438946	3.61619529	1.59513350	0.19367921	2.17658239	3.26063668	0.82372390	3.25060225	3.13037736	2.64472554	1.96749000	2.56467696	1.58011867	2.41109192	0.00000000	0.88677010	2.40461061	2.72200736	2.63896768	2.15111887	0.86836231	1.28580340	2.41230378	0.47338982	1.94883124	2.83295933	2.74016840	0.32036682	0.59503673	2.24016246	1.22951473	1.90645067	1.32231681	2.88099142	2.85548597	3.10911643	2.78252550	2.06199032	1.11992804	3.24867605	2.38985160	2.02685902	3.04462455	0.82174025
1.24691993	2.78741407	0.92545738	0.89916636	2.29472960	3.55363661	0.24576935	3.75793038	2.30862131	3.18759301	2.10836736	2.25574383	1.81518998	1.62229682	0.88677010	0.00000000	2.37540190	2.04843754	2.71526748	1.56247839	1.17943013	1.79040764	2.99639064	0.41633413	2.23632166	3.39119407	1.90552024	1.04806797	1.47363721	2.54094484	1.12715260	2.33019522	1.81487714	2.24269108	3.02198941	2.92499975	2.08555800	1.37151668	1.74947981	3.74042383	2.63922613	2.29114125	2.87074576	1.63458225
1.19931700	3.15857348	1.79983766	2.21411357	0.41548612	1.46914302	2.58806937	2.14358054	2.78439504	1.86519946	4.32984087	0.77140332	0.93170735	2.24487826	2.40461061	2.37540190	0.00000000	1.91848036	0.41913552	1.52601542	1.54627475	3.68401193	1.89079772	2.31164240	0.86227757	2.03834271	2.63230156	2.72142409	2.47976596	4.64307651	1.26410872	4.30729860	1.45048046	1.86310286	0.80855828	0.79194877	2.02913573	1.81375978	1.76799987	2.08692877	0.78635197	0.79410885	0.72241705	3.05274118
1.88019236	1.24546701	1.14177369	2.61110369	2.20671327	3.37612100	2.28195697	4.04058449	0.87633103	3.67530698	4.08998534	1.19574483	2.26247244	0.62571256	2.72200736	2.04843754	1.91848036	0.00000000	2.32237660	0.60530586	2.26906204	3.83441231	3.62533826	2.32257083	2.52373986	3.86969942	0.84204373	2.99207816	3.16226938	4.56312408	1.73252284	4.37687398	2.69691482	0.22946339	2.71160495	1.83052379	0.11069755	0.67793903	2.88584081	3.98869648	2.65872847	2.50413226	1.82247064	3.54374383
1.49069698	3.55580813	2.20134748	2.44542426	0.46358526	1.05509313	2.91513016	1.78814108	3.19307290	1.59407805	4.59515380	1.14576622	1.07297909	2.66372652	2.63896768	2.71526748	0.41913552	2.32237660	0.00000000	1.94502081	1.77077766	3.89522206	1.67138939	2.60710342	0.82754326	1.74491848	3.04965905	2.94682378	2.62681947	4.87485992	1.58873860	4.51812825	1.52084000	2.25284832	0.39126392	0.90416709	2.43272379	2.23222530	1.84612616	1.72632773	0.54074036	0.73952658	0.84427976	3.21537697
1.27898008	1.77366242	0.64009196	2.02828147	1.73774927	2.99112549	1.80636584	3.56903358	1.33173423	3.15797601	3.65978309	0.95653015	1.69843421	0.71921738	2.15111887	1.56247839	1.52601542	0.60530586	1.94502081	0.00000000	1.66375627	3.31580800	3.08497191	1.78095966	1.99881072	3.35831751	1.11541350	2.43495342	2.56688583	4.10333855	1.12788737	3.88281084	2.10608427	0.73232958	2.33421186	1.68361965	0.69304563	0.32502139	2.28422268	3.52288499	2.19465090	1.99151387	1.65321389	2.97062854
0.43680466	3.36194672	1.31407795	0.67502472	1.30887986	2.44732648	1.30042056	2.57979770	2.88289391	2.00878688	2.82834052	1.81025343	0.72157857	2.15332778	0.86836231	1.17943013	1.54627475	2.26906204	1.77077766	1.66375627	0.00000000	2.13858239	1.82452595	0.91442492	1.11693317	2.21313197	2.54722139	1.17955361	0.99362736	3.10709325	0.54192625	2.76218619	0.64183530	2.37514209	1.99846284	2.27912395	2.35411075	1.70505033	0.66643092	2.56391633	1.55053232	1.18722839	2.21243222	1.52827187
2.51019272	4.51991238	2.69738696	1.47205742	3.43174375	4.40667415	1.57054452	4.21626740	4.05644786	3.60683457	0.93313677	3.83640224	2.82341969	3.40239875	1.28580340	1.79040764	3.68401193	3.83441231	3.89522206	3.31580800	2.13858239	0.00000000	3.34351844	1.54032948	3.15187149	3.76392454	3.64673737	0.96569810	1.34600394	1.00077952	2.50842086	0.62372336	2.46228489	4.02140049	4.07738954	4.39488504	3.87495174	3.15647328	2.17678446	4.23123493	3.59030385	3.23638576	4.33042792	0.79385626
1.94728099	4.85402837	2.99868861	2.25901433	1.49248532	1.35083266	3.08656691	0.87283107	4.41584389	0.27176222	4.23018007	2.62960534	1.39810664	3.74302621	2.41230378	2.99639064	1.89079772	3.62533826	1.67138939	3.08497191	1.82452595	3.34351844	0.00000000	2.67603829	1.10524763	0.42506110	4.15597509	2.60795266	2.02717985	4.32733897	2.12783303	3.90341332	1.18313687	3.63430031	1.49249238	2.57461153	3.73181136	3.26439846	1.29483619	0.89107701	1.13540848	1.13786493	2.51301550	2.55079538
1.11845991	3.15847624	1.18135905	0.48932611	2.16038004	3.35701235	0.41404781	3.47252516	2.67448468	2.88455236	2.03080036	2.33021696	1.61645202	1.96480744	0.47338982	0.41633413	2.31164240	2.32257083	2.60710342	1.78095966	0.91442492	1.54032948	2.67603829	0.00000000	2.02584758	3.08343909	2.27913711	0.67804632	1.05730333	2.39772066	1.05377667	2.12772237	1.51199091	2.49764739	2.87644916	2.94444510	2.37382639	1.64930735	1.39708112	3.46125443	2.45209339	2.09172348	2.88452867	1.25564138
1.01466850	3.75844588	2.00150749	1.75809374	0.44837045	1.33124131	2.39289502	1.61219527	3.32992701	1.15917150	3.91455593	1.54479749	0.42170160	2.68047128	1.94883124	2.23632166	0.86227757	2.52373986	0.82754326	1.99881072	1.11693317	3.15187149	1.10524763	2.02584758	0.00000000	1.36037823	3.09232951	2.23547267	1.84093508	4.14654140	1.17732333	3.76902315	0.71013187	2.52906956	0.92750422	1.63466906	2.63109560	2.20452452	1.03136054	1.57751050	0.44158100	0.08947148	1.56644382	2.43390004
2.29229171	5.11069089	3.33131553	2.67643019	1.67595826	1.15176419	3.49142674	0.45992159	4.68844160	0.20809601	4.65400916	2.80409168	1.71426820	4.03959493	2.83295933	3.39119407	2.03834271	3.86969942	1.74491848	3.35831751	2.21313197	3.76392454	0.42506110	3.08343909	1.36037823	0.00000000	4.45187122	3.03245985	2.45181509	4.74425167	2.47039498	4.31807408	1.57733544	3.85690164	1.48059471	2.63845771	3.97849199	3.56262799	1.71361907	0.49159463	1.25209875	1.36844473	2.58293002	2.97049081
2.25050273	0.88189450	1.23456067	2.68372929	2.85225816	4.10093886	2.09077317	4.67925450	0.41009134	4.24850073	3.71153320	1.97921523	2.75794056	0.41299802	2.74016840	1.90552024	2.63230156	0.84204373	3.04965905	1.11541350	2.54722139	3.64673737	4.15597509	2.27913711	3.09232951	4.45187122	0.00000000	2.94805311	3.27499310	4.22652206	2.07423644	4.11556137	3.09519579	1.03931944	3.44050103	2.65551543	0.76032698	0.89159679	3.21053625	4.63456119	3.30880916	3.09223813	2.64179317	3.53241557
1.54460645	3.82920178	1.85397151	0.50738110	2.48354817	3.53161119	0.91277668	3.46386308	3.34701166	2.85266400	1.68291951	2.88199628	1.88121450	2.64193492	0.32036682	1.04806797	2.72142409	2.99207816	2.94682378	2.43495342	1.17955361	0.96569810	2.60795266	0.67804632	2.23547267	3.03245985	2.94805311	0.00000000	0.62829316	1.92820616	1.54825507	1.58715263	1.57965137	3.16010329	3.15124761	3.42938302	3.04680246	2.32265491	1.33916908	3.46721672	2.67702370	2.31621743	3.36481635	0.58654043
1.42844132	4.14014310	2.07969184	0.59387417	2.17051035	3.06354309	1.41804162	2.89536758	3.65296935	2.28285671	2.20482783	2.80384698	1.56306743	2.92258555	0.59503673	1.47363721	2.47976596	3.16226938	2.62681947	2.56688583	0.99362736	1.34600394	2.02717985	1.05730333	1.84093508	2.45181509	3.27499310	0.62829316	0.00000000	2.34615036	1.50500818	1.94619842	1.13504442	3.29708204	2.76759445	3.24434808	3.23452754	2.53228525	0.83441725	2.90517094	2.27102677	1.92849063	3.17615959	0.59303932
3.45196356	5.06013642	3.46495543	2.43255912	4.41145861	5.40743072	2.29713011	5.19977856	4.63167423	4.59339486	0.54567300	4.72793478	3.80706077	4.05570067	2.24016246	2.54094484	4.64307651	4.56312408	4.87485992	4.10333855	3.10709325	1.00077952	4.32733897	2.39772066	4.14654140	4.74425167	4.22652206	1.92820616	2.34615036	0.00000000	3.42763202	0.43912259	3.46151536	4.76871792	5.06986918	5.32665603	4.58611568	3.89586518	3.17756320	5.21751000	4.58624505	4.23009419	5.26435483	1.78007129
0.18090692	2.85673983	0.87305234	1.05807835	1.17065195	2.45334488	1.32826744	2.77561166	2.38531113	2.26236060	3.08276357	1.33646457	0.76755243	1.66821142	1.22951473	1.12715260	1.26410872	1.73252284	1.58873860	1.12788737	0.54192625	2.50842086	2.12783303	1.05377667	1.17732333	2.47039498	2.07423644	1.54825507	1.50500818	3.42763202	0.00000000	3.12280934	1.02100827	1.83365854	1.89800271	1.89923806	1.82048057	1.20151026	1.16115371	2.74613735	1.54178867	1.21538683	1.83749262	1.99265734
3.13023827	4.97241452	3.25277824	2.09429212	4.05474217	5.00932352	2.09498174	4.77493052	4.52496404	4.17089722	0.70343569	4.44447076	3.44588139	3.90698827	1.90645067	2.33019522	4.30729860	4.37687398	4.51812825	3.88281084	2.76218619	0.62372336	3.90341332	2.12772237	3.76902315	4.31807408	4.11556137	1.58715263	1.94619842	0.43912259	3.12280934	0.00000000	3.07400530	4.57288627	4.69566069	5.01419072	4.40942308	3.70119371	2.78055880	4.79432021	4.20593768	3.85424964	4.95014753	1.36650035
0.84560783	3.86567925	1.88462611	1.14424035	1.08453252	1.95390782	1.91627114	1.96072368	3.40007827	1.37543311	3.26130842	1.96653962	0.53446865	2.68834400	1.32231681	1.81487714	1.45048046	2.69691482	1.52084000	2.10608427	0.64183530	2.46228489	1.18313687	1.51199091	0.71013187	1.57733544	3.09519579	1.57965137	1.13504442	3.46151536	1.02100827	3.07400530	0.00000000	2.76102467	1.63380204	2.24180050	2.79371321	2.21802630	0.32544612	1.95074634	1.13600709	0.79896818	2.17222937	1.72783956
1.96861458	1.30683268	1.32402306	2.76046686	2.18271044	3.29913479	2.47992574	4.00280546	1.00465088	3.66738755	4.30155302	1.10851452	2.30044538	0.85411410	2.88099142	2.24269108	1.86310286	0.22946339	2.25284832	0.73232958	2.37514209	4.02140049	3.63430031	2.49764739	2.52906956	3.85690164	1.03931944	3.16010329	3.29708204	4.76871792	1.83365854	4.57288627	2.76102467	0.00000000	2.63705868	1.68705442	0.28043897	0.87331382	2.96973974	3.94794753	2.62629106	2.50158603	1.68619591	3.70148103
1.77828199	3.94196290	2.56660936	2.66251747	0.72747078	0.66458495	3.20903293	1.45303124	3.58338634	1.36062311	4.82267141	1.52857745	1.27738274	3.05325367	2.85548597	3.02198941	0.80855828	2.71160495	0.39126392	2.33421186	1.99846284	4.07738954	1.49249238	2.87644916	0.92750422	1.48059471	3.44050103	3.15124761	2.76759445	5.06986918	1.89800271	4.69566069	1.63380204	2.63705868	0.00000000	1.18004727	2.82179900	2.61774755	1.94918991	1.38642063	0.50277364	0.84147216	1.13182231	3.36063366
1.88479294	2.96768403	2.17046517	2.92504719	1.18875520	1.77273469	3.15824111	2.63212316	2.69024572	2.49518400	4.97470296	0.73042791	1.71816571	2.33342364	3.10911643	2.92499975	0.79194877	1.83052379	0.90416709	1.68361965	2.27912395	4.39488504	2.57461153	2.94444510	1.63466906	2.63845771	2.65551543	3.42938302	3.24434808	5.32665603	1.89923806	5.01419072	2.24180050	1.68705442	1.18004727	0.00000000	1.93073169	2.00840098	2.55752612	2.56451656	1.44024571	1.55778883	0.06957113	3.80459448
1.97171894	1.13527123	1.19294541	2.67703164	2.31668788	3.48627766	2.31511750	4.15093420	0.76853386	3.78368528	4.10628765	1.30428457	2.36522116	0.59293547	2.78252550	2.08555800	2.02913573	0.11069755	2.43272379	0.69304563	2.35411075	3.87495174	3.73181136	2.37382639	2.63109560	3.97849199	0.76032698	3.04680246	3.23452754	4.58611568	1.82048057	4.40942308	2.79371321	0.28043897	2.82179900	1.93073169	0.00000000	0.72452278	2.97716266	4.09915286	2.76900402	2.61234458	1.92434467	3.60397601
1.37272889	1.65799092	0.46869847	1.96360599	1.98775227	3.26753166	1.60712147	3.80043941	1.18382605	3.35860116	3.43283423	1.28041167	1.86641169	0.47862776	2.06199032	1.37151668	1.81375978	0.67793903	2.23222530	0.32502139	1.70505033	3.15647328	3.26439846	1.64930735	2.20452452	3.56262799	0.89159679	2.32265491	2.53228525	3.89586518	1.20151026	3.70119371	2.21802630	0.87331382	2.61774755	2.00840098	0.72452278	0.00000000	2.35663051	3.75802191	2.44100088	2.20776680	1.97737735	2.88260443
1.00566304	4.01444987	1.97922124	0.96429380	1.40902011	2.23006403	1.81092681	2.13192611	3.53898694	1.52484812	3.00619144	2.24496300	0.84057948	2.81311475	1.11992804	1.74947981	1.76799987	2.88584081	1.84612616	2.28422268	0.66643092	2.17678446	1.29483619	1.39708112	1.03136054	1.71361907	3.21053625	1.33916908	0.83441725	3.17756320	1.16115371	2.78055880	0.32544612	2.96973974	1.94918991	2.55752612	2.97716266	2.35663051	0.00000000	2.13195786	1.44818497	1.12065565	2.48799363	1.42282114
2.57541991	5.23389025	3.57869116	3.08238430	1.78820631	0.86710609	3.86100599	0.07486658	4.83666288	0.62441788	5.10998936	2.85576242	1.97867211	4.22712446	3.24867605	3.74042383	2.08692877	3.98869648	1.72632773	3.52288499	2.56391633	4.23123493	0.89107701	3.46125443	1.57751050	0.49159463	4.63456119	3.46721672	2.90517094	5.21751000	2.74613735	4.79432021	1.95074634	3.94794753	1.38642063	2.56451656	4.09915286	3.75802191	2.13195786	0.00000000	1.33193369	1.55825920	2.51786441	3.43958518
1.39661682	3.90419413	2.30609779	2.19870915	0.45708665	0.91461187	2.80796865	1.38215493	3.50476233	1.08238373	4.35600648	1.55450570	0.83568178	2.90425276	2.38985160	2.63922613	0.78635197	2.65872847	0.54074036	2.19465090	1.55053232	3.59030385	1.13540848	2.45209339	0.44158100	1.25209875	3.30880916	2.67702370	2.27102677	4.58624505	1.54178867	4.20593768	1.13600709	2.62629106	0.50277364	1.44024571	2.76900402	2.44100088	1.44818497	1.33193369	0.00000000	0.36390816	1.37799404	2.86384393
1.05879352	3.74300168	2.02269553	1.83538359	0.37864546	1.26687791	2.45318535	1.59656049	3.32043148	1.17147904	3.99362731	1.49703516	0.47775915	2.68153139	2.02685902	2.29114125	0.79410885	2.50413226	0.73952658	1.99151387	1.18722839	3.23638576	1.13786493	2.09172348	0.08947148	1.36844473	3.09223813	2.31621743	1.92849063	4.23009419	1.21538683	3.85424964	0.79896818	2.50158603	0.84147216	1.55778883	2.61234458	2.20776680	1.12065565	1.55825920	0.36390816	0.00000000	1.48999564	2.52135237
1.82023526	2.97429274	2.12692297	2.86004799	1.12011796	1.73563715	3.10286183	2.58481660	2.68708462	2.43727989	4.91513780	0.69702981	1.64870210	2.31279575	3.04462455	2.87074576	0.72241705	1.82247064	0.84427976	1.65321389	2.21243222	4.33042792	2.51301550	2.88452867	1.56644382	2.58293002	2.64179317	3.36481635	3.17615959	5.26435483	1.83749262	4.95014753	2.17222937	1.68619591	1.13182231	0.06957113	1.92434467	1.97737735	2.48799363	2.51786441	1.37799404	1.48999564	0.00000000	3.73727727
1.94740895	4.41293075	2.41492392	0.94961226	2.75679268	3.64626088	1.49229780	3.42362620	3.92968130	2.81519544	1.70626348	3.32223710	2.14704338	3.21948092	0.82174025	1.63458225	3.05274118	3.54374383	3.21537697	2.97062854	1.52827187	0.79385626	2.55079538	1.25564138	2.43390004	2.97049081	3.53241557	0.58654043	0.59303932	1.78007129	1.99265734	1.36650035	1.72783956	3.70148103	3.36063366	3.80459448	3.60397601	2.88260443	1.42282114	3.43958518	2.86384393	2.52135237	3.73727727	0.00000000

EDGE_KM_T
0.00000000	3.04321304	1.35389412	1.35464199	1.29595233	3.14295235	1.77403161	3.66690432	2.66046752	2.87041074	3.36789690	1.93560415	0.84576622	2.05617304	1.55409797	1.63750870	1.28846604	2.23577857	1.69467333	1.47492219	0.61700697	3.18571445	2.59091005	1.19210687	1.43040114	3.15771398	2.57336356	1.96737365	2.01922326	4.10455958	0.23450981	3.92437427	0.92722351	2.49232026	2.23764591	2.40761639	2.29460259	1.46194998	1.19059436	3.63489195	1.90566361	1.47947955	2.30946815	2.69754899
3.04322010	0.00000000	2.41989583	4.39786300	4.30047023	6.14747220	4.01727103	6.67142619	0.59692830	5.87493208	6.41111757	3.22942327	3.85028446	1.44174171	4.59731899	3.69762766	4.10750176	1.56534098	4.69919109	1.95756520	3.66022782	6.22893643	5.59543137	4.08282943	4.43491992	6.16223573	1.17031791	5.01059493	5.06244563	7.14778138	2.94094444	6.96759654	3.93174271	1.76406949	5.24216443	4.14823818	1.42026925	1.76590986	4.23381674	6.63941366	4.91018246	4.48399825	4.14149725	5.74077157
1.35385050	2.41980128	0.00000000	1.97790318	2.64979042	4.49675328	1.59734786	5.02066669	1.82289484	4.22418315	3.99116435	1.57879625	2.19959798	0.97811509	2.17735890	1.27770875	2.45683932	1.61241915	3.04851411	0.85158820	1.38394348	3.80895709	3.94468281	1.66289123	2.78422260	4.51147865	1.24952057	2.59062955	2.64245845	4.72780570	1.11934812	4.54761125	2.28103689	1.86895956	3.59147237	2.49760078	1.67123867	0.65396827	2.13178500	4.98865725	3.25948352	2.83330250	2.49085773	3.32078009
1.35459660	4.39745708	1.97780331	0.00000000	2.08816635	3.71874022	1.19806612	4.24259030	3.80058474	3.44612327	2.29772954	3.29010102	1.42163556	2.95585751	0.19945529	1.06153253	2.64305183	3.59016094	2.60858400	2.82937178	0.73762735	1.83102346	3.16662349	0.61617912	2.00624326	3.73340605	3.22723441	0.61271770	0.66451258	2.74987778	1.45685224	2.56966832	1.50304429	3.84669925	2.81350124	3.76213931	3.64897307	2.63174397	1.35378203	4.21058568	2.48150164	2.05532560	3.66399640	1.34282752
1.29598679	4.30086751	2.65000205	2.08819221	0.00000000	1.84710325	3.07006742	2.37116231	3.95676720	1.57464083	4.16957609	1.20220646	0.73733123	3.35238393	2.28764891	2.93355573	0.55497490	2.73538394	0.52043221	2.34309042	1.35054912	3.91931617	1.66665466	2.48810300	0.61967051	1.86196557	3.86962277	2.70093853	2.75284567	4.83815164	1.53051723	4.65799170	1.48881885	2.53665890	0.94172590	1.67419133	2.88046792	2.75810460	1.92421748	2.33914180	0.60976178	0.50304238	1.57603748	3.43118274
3.14322632	6.14847381	4.49736149	3.71900483	1.84720542	0.00000000	4.91735546	1.22412871	5.80431643	1.56514909	6.01678564	2.91852687	2.29735652	5.19984529	3.90672821	4.78085488	2.04026420	4.58284634	1.44849925	4.19048290	3.11304016	4.70946902	1.82894397	4.33535178	1.71266467	1.62881221	5.71713195	4.09239159	3.20517551	5.78598792	3.37777719	5.19158362	2.21579769	4.38412481	0.90544753	1.99965801	4.72794269	4.60551026	2.36500838	1.12320849	1.23739365	1.66359450	2.00638790	3.69837803
1.77396523	4.01682941	1.59727613	1.19802714	3.06987088	4.91673110	0.00000000	5.44053802	3.41998030	4.64408223	2.39373764	2.90958042	2.61966095	2.57528884	1.01030136	0.31962795	2.87696535	3.20959184	3.46860199	2.44883115	1.80401878	2.21146184	4.36458285	0.58187101	3.20425712	4.93135635	2.84664627	0.99317093	1.71161502	3.13032005	1.53948336	2.95010037	2.70104912	3.46612873	4.01152070	3.38162974	3.26839894	2.25119798	2.55177979	5.40853668	3.67951376	3.25334113	3.28348909	1.72325298
3.66730699	6.67242669	5.02140039	4.24310196	2.37129798	1.22409178	5.44141923	0.00000000	6.32828919	0.79653949	6.54087676	3.44257139	2.82145514	5.72384867	4.43082558	5.30491478	2.56434096	5.10684936	1.97258924	4.71451028	3.63713451	5.23358390	1.07604176	4.85942923	2.23677316	0.50920087	6.24111867	4.61649377	3.72929753	6.31009947	3.90185075	5.71570392	2.73991391	4.90812661	1.47613380	2.73620999	5.25194140	5.12953305	2.88913065	0.10091741	1.76150362	2.18770156	2.63805254	4.22250397
2.66043449	0.59692111	1.82294364	3.80088977	3.95638318	5.80337229	3.42030985	6.32731294	0.00000000	5.53082231	5.81414652	2.88535358	3.50619521	0.84480234	4.00034568	3.10066788	3.76342042	1.22128628	4.35510497	1.61350169	3.06325560	5.63195679	5.25132172	3.48586331	4.09082711	5.81812327	0.57338457	4.41361988	4.46546341	6.55080294	2.42592686	6.37061494	3.58764711	1.42001523	4.89807335	3.80416507	1.07621610	1.19850223	3.63683443	6.29530143	4.56608912	4.13990596	3.79742345	5.14378794
2.87064597	5.87555801	4.22467147	3.44646768	1.57465626	1.56507741	4.64473074	0.79652385	5.53145283	0.00000000	5.74423271	2.64585163	2.02482329	4.92706206	3.63419170	4.50822000	1.95785304	4.31006215	1.92330711	3.91776267	2.84049570	4.43697848	0.27950173	4.06276297	1.44015734	0.28732656	5.44430498	3.81986771	2.93270371	5.51348864	3.10517816	4.91910731	1.94331065	4.11133742	1.81707969	3.07707506	4.45514720	4.33277797	2.09253722	0.76450264	1.18830328	1.39108342	2.97892074	3.42591650
3.36780372	6.40987668	3.99075297	2.29769249	4.16955907	6.01624151	2.39360106	6.53986399	5.81312687	5.74345626	0.00000000	5.30308538	3.71931884	4.96858834	2.10996548	2.71320969	4.65623479	5.60288952	4.62184852	4.84225051	2.90369804	1.30696739	5.46395853	2.32816547	4.30386573	6.03069335	5.23986255	1.92423145	2.81115604	0.73648033	3.47001551	0.82477316	3.80061911	5.85942031	5.11115323	5.77518185	5.66167510	4.64459439	3.65131959	6.50787667	4.77911497	4.35295687	5.67705084	2.31789606
1.93571573	3.22970109	1.57881951	3.29040852	1.20221545	2.91830249	2.90971540	3.44236846	2.88559705	2.64584517	5.30364487	0.00000000	1.93954781	2.28120805	3.48986526	2.59006031	0.87817620	1.66420812	1.46990565	1.27191004	2.55276490	5.12153580	2.86888181	2.97531529	1.82188894	2.93317130	2.79845001	3.90315579	3.95506664	6.04037065	1.83341849	5.86021234	2.69103873	1.46548332	2.01292057	0.91884353	1.80929292	1.68692508	3.12643849	3.41034742	1.68095762	1.70526054	0.91210846	4.63340444
0.84578782	3.85045173	2.19973220	1.42164148	0.73732093	2.29722166	2.61983977	2.82121806	3.50638515	2.02471291	3.71939484	1.93944590	0.00000000	2.90205384	1.60936599	2.48332152	1.29226902	2.28505322	1.25774878	1.89280105	0.81566411	3.18195735	1.74521182	2.03789856	0.58464679	2.31202507	3.41926440	1.96360126	2.01547475	4.10079847	1.08030619	3.92062368	0.75145776	2.49621342	1.39188580	2.41144679	2.43012990	2.30780743	1.18684614	2.78920231	1.05991104	0.63372348	2.31329622	2.69380518
2.05612282	1.44170610	0.97812909	2.95605522	3.35206743	5.19904431	2.57548675	5.72297227	0.84479182	4.92648495	4.96931403	2.28105432	2.90187738	0.00000000	3.15551104	2.25584612	3.15911010	0.63430420	3.75079010	1.00920833	2.21842200	4.78711613	4.64698447	2.64103552	3.48650588	5.21378337	0.51717970	3.56878359	3.62062030	5.70596343	1.82161764	5.52577242	2.98332322	0.89084509	4.29375377	3.19986257	0.69312542	0.59421045	2.83407371	5.69096173	3.96176739	3.53558522	3.19312029	4.29894349
1.55404265	4.59683241	2.17722624	0.19945516	2.28761897	3.90644868	1.01032203	4.43027832	3.99997108	3.63381661	2.11000059	3.48952707	1.60936036	3.15526079	0.00000000	0.89956514	2.84249571	3.78956402	2.80803521	3.02878834	0.93708097	1.63155848	3.35431702	0.51442247	2.19396260	3.92109529	3.42662847	0.41325975	0.70132883	2.55041464	1.65629436	2.37020034	1.69075935	4.04610166	3.00122323	3.96157058	3.84837377	2.83115799	1.54149375	4.39827525	2.66922015	2.24304573	3.86342874	1.14335642
1.63744067	3.69727123	1.27766188	1.06151330	2.93335407	4.78023750	0.31963047	5.30406850	3.10040916	4.50760644	2.71338595	2.58996249	2.48314809	2.25569774	0.89956652	0.00000000	2.74043823	2.89000098	3.33208350	2.12922440	1.66750314	2.53112564	4.22810683	0.44534435	3.06775070	4.79488539	2.52706603	1.31282645	1.57511742	3.44998168	1.40295416	3.26976770	2.56454773	3.14653866	3.87501115	3.06200566	2.94881089	1.93159422	2.41528235	5.27206533	3.54300831	3.11683378	2.96386374	2.04292399
1.28847943	4.10791815	2.45700820	2.64317765	0.55498307	2.04014325	2.87706071	2.56422141	3.76380755	1.95787443	4.65641201	0.87818683	1.29231744	3.15940845	2.84263448	2.74055102	0.00000000	2.54240864	0.59173381	2.15010253	1.90553312	4.47431079	2.22167009	2.32807793	1.17466182	2.05502353	3.67665590	3.25592658	3.30784399	5.39314454	1.33750546	5.21298912	2.04381416	2.34368424	1.13475326	1.11922821	2.68749486	2.56511908	2.47921592	2.53219944	0.80279238	1.05803295	1.02107337	3.98618308
2.23586696	1.56539528	1.61249743	3.59052768	2.73522622	4.58226676	3.20989957	5.10626075	1.22132998	4.30975622	5.60377574	1.66412724	2.28504702	0.63430485	3.78998394	2.89025202	2.54224064	0.00000000	3.13394430	0.76088412	2.85288949	5.42162035	4.03025515	3.27547280	2.86969317	4.59706790	1.13421013	4.20326509	4.25513728	6.34046169	2.13358358	6.16028633	2.99112068	0.25654308	3.67693249	2.58295237	0.14507640	0.95849402	3.42650866	5.07424519	3.34495732	2.91876995	2.57621354	4.93346746
1.69471256	4.69976108	3.04878268	2.60863380	0.52043559	1.44843982	3.46881539	1.97254738	4.35563466	1.92337702	4.62186338	1.46995683	1.25777478	3.75121119	2.80809083	3.33230878	0.59174435	3.13421167	0.00000000	2.74188617	1.87098705	4.43978108	2.18717241	2.88683300	1.14012701	1.98702858	4.26847191	3.22138676	3.27331996	5.35861218	1.92925235	5.17846373	2.00928551	2.93548824	0.54303037	1.15380641	3.27930132	3.15690638	2.44469208	1.94052317	0.73502517	1.02349701	1.05565003	3.95166216
1.47495478	1.95760664	0.85160725	2.82960684	2.34294130	4.18996309	2.44899629	4.71393764	1.61355181	3.91743817	4.84285806	1.27186762	1.89275890	1.00923860	3.02906297	2.12935078	2.14996404	0.76087128	2.74166073	0.00000000	2.09197010	4.66069015	3.63793728	2.51456231	2.47739986	4.20474595	1.52643931	3.44234158	3.49420332	5.57953324	1.37267515	5.39935328	2.23018978	1.01741372	3.28464170	2.19068777	0.81969794	0.41500367	2.66557457	4.68192355	2.95266323	2.52647739	2.18394792	4.17253144
0.61699550	3.66010136	1.38395487	0.73763270	1.35054243	3.11281674	1.80411323	3.63673774	3.06319084	2.84025223	2.90372414	2.55256933	0.81565538	2.21840482	0.93708847	1.66758708	1.90545825	2.85270894	1.87096502	2.09187300	0.00000000	2.56869026	2.56075181	1.22219996	1.40028202	3.12754925	2.60338056	1.35036011	1.40219308	3.48753818	0.71926481	3.30734553	0.89709790	3.10924961	2.20753081	3.02458949	2.91152935	1.89425401	0.74784725	3.60472772	1.87554324	1.44936162	2.92644287	2.08051553
3.18548206	6.22782712	3.80852027	1.83095183	3.91909974	4.70930237	2.21131539	5.23300349	5.63103498	4.43657527	1.30701801	5.12084069	3.18182731	4.78643125	1.63149754	2.53093226	4.47392148	5.42073320	4.43950702	4.66004231	2.56856796	0.00000000	4.15707683	2.14585067	3.29958366	4.72382815	5.05774093	1.21825452	1.50420385	1.07647705	3.28770900	0.73862300	2.49365456	5.67726659	4.33341591	5.59291705	5.47952796	4.46239598	2.34436792	5.20101020	3.70470182	3.41619795	5.49478193	1.01095219
2.59108644	5.59589930	3.94507952	3.16692092	1.66662144	1.82885221	4.36515809	1.07601786	5.25180954	0.27950148	5.46468129	2.86880240	1.74527769	4.64744254	3.35464514	4.22864435	2.22158796	4.03044235	2.18705229	3.63816178	2.56094679	4.15744551	0.00000000	3.78320094	1.16061940	0.56682228	5.16467253	3.54032488	2.65317628	5.23395308	2.82561311	4.63957854	1.66377872	3.83171667	2.08083551	3.34079228	4.17552405	4.05317352	1.81300998	1.04399883	1.45206397	1.16358677	3.24263946	3.14639210
1.19209659	4.08242526	1.66280851	0.61617064	2.48801102	4.33489751	0.58188111	4.85873169	3.48556148	4.06226880	2.32824381	2.97510865	2.03780556	2.64084743	0.51442492	0.44534586	2.32807332	3.27515070	2.88674022	2.51437202	1.22216024	2.14598555	3.78276917	0.00000000	2.62240901	4.34954839	2.91221715	0.92768526	1.12977691	3.06484130	1.14187236	2.88462807	2.11920672	3.53168849	3.42966906	3.44715100	3.33396098	2.31674224	1.96994185	4.82672827	3.09766675	2.67149197	3.34900891	1.65778485
1.43046252	4.43525466	2.78444882	2.00629968	0.61965946	1.71259460	3.20453143	2.23662807	4.09116813	1.44011325	4.30405907	1.82183263	0.58465669	3.48680609	2.19402393	3.06801706	1.17462341	2.86980584	1.14008989	2.47752922	1.40032509	3.29964123	1.16061183	2.62257650	0.00000000	1.72743285	4.00403338	2.37970445	2.13316579	4.21847901	1.66498804	4.03831300	0.86914298	2.67107996	1.03387534	2.29382404	3.01488684	2.89254022	1.30453742	2.20460950	0.47526574	0.11662714	2.19567153	2.81150014
3.15799880	6.16295167	4.51203765	3.73381525	1.86200530	1.62873215	4.93208897	0.50919799	5.81884013	0.28732893	6.03158220	2.93321601	2.31217038	5.21443958	3.92153920	4.79557947	2.05502765	4.59743979	1.98697405	4.20513253	3.12784417	4.72432038	0.56683077	4.35011683	1.72750128	0.00000000	5.73168783	4.10721367	3.22004333	5.80083160	3.39253326	5.20644747	2.23065212	4.39871545	1.88074225	3.14075351	4.74252621	4.62014930	2.37987676	0.50560233	1.25223368	1.67842782	3.04259858	3.71325486
2.57326952	1.17028217	1.24952281	3.22742849	3.86920995	5.71617433	2.84687174	6.24008932	0.57337487	5.44360537	5.24068941	2.79821372	3.41901777	0.51717385	3.42688422	2.52723246	3.67625817	1.13417527	4.26793353	1.52637374	2.60336309	5.05848316	5.16410501	2.91241570	4.00364281	5.73090119	0.00000000	3.84015508	3.89198482	5.97733163	2.33876684	5.79713755	3.50045744	1.33290506	4.81089238	3.71701865	0.98910808	1.11137748	3.35120580	6.20807976	4.47890379	4.05272265	3.71027569	4.57030663
1.96728398	5.00996434	2.59043181	0.61271058	2.70087048	4.09213350	0.99316167	4.61593153	4.41312003	3.81947806	1.92428405	3.90273746	1.96358214	3.56843596	0.41325563	1.31278869	3.25573368	4.20273887	3.22128451	3.44198405	1.35033401	1.21828785	3.53997875	0.92766104	2.37966426	4.10675039	3.83978937	0.00000000	0.88701890	2.13714687	2.06952959	1.95692507	1.87645439	4.45927547	3.18692899	4.37478905	4.26154493	3.24434977	1.72718361	4.58393086	2.85492054	2.42874861	4.27664886	0.73007633
2.01910026	5.06193317	2.64229796	0.66450721	2.75267257	3.20512192	1.71167053	3.72896404	4.46506512	2.93249908	2.81133986	3.95459689	2.01537698	3.62034450	0.70133715	1.57513612	3.30755464	4.25464785	3.27308968	3.49386394	1.40213397	1.50423110	2.65299937	1.12978648	2.13309566	3.21978026	3.89171780	0.88704259	0.00000000	2.58072087	2.12135437	1.98639309	1.26399274	4.51118590	3.16694619	4.42663721	4.31345905	3.29623514	0.84016500	3.69696002	2.53820816	2.24971541	4.32849471	0.67831409
4.10426170	7.14624220	4.72718072	2.74977842	4.83791329	5.78573207	3.13004682	6.30932783	6.54950678	5.51292706	0.73646554	6.03951721	4.10065817	5.70499041	2.55032483	3.44965265	5.39268994	6.33929132	5.35831324	5.57866994	3.48738662	1.07646755	5.23342957	3.06462112	4.21844266	5.80015878	5.97625255	2.13709554	2.58065104	0.00000000	4.20646834	0.59426940	3.57011830	6.59582122	5.25226125	6.51162051	6.39807378	5.38101050	3.42081441	6.27734255	4.62356505	4.33505289	6.41349090	2.08738822
0.23450847	2.94091496	1.11937776	1.45691282	1.53045855	3.37745185	1.53951995	3.90139684	2.42593866	3.10490507	3.47016886	1.83332339	1.08027130	1.82164997	1.65636875	1.40299631	1.33749393	2.13348997	1.92918004	1.37263819	0.71927832	3.28798192	2.82540445	1.14188405	1.66490435	3.39220691	2.33883734	2.06964352	2.12148938	4.20682768	0.00000000	4.02664071	1.16172526	2.39003142	2.47215003	2.30533741	2.19231317	1.22743058	1.29286043	3.86938500	2.14016654	1.71398303	2.20718953	2.79981437
3.92403588	6.96615789	4.54700116	2.56953437	4.65767430	5.19147136	2.94983971	5.71510802	6.36940045	4.91869660	0.82478437	5.85933142	3.92041246	5.52485017	2.37008051	3.26944982	5.21246846	6.15915148	5.17807710	5.39850312	3.30714565	0.73861354	4.63919874	2.88439886	4.03818603	5.20593653	5.79613077	1.95684589	1.98638354	0.59427909	4.02625040	0.00000000	3.16912612	6.41568274	5.07200992	6.33142426	6.21793872	5.20084877	2.82654719	5.68311963	4.44330677	4.15479783	6.23329251	1.49312506
0.92723225	3.93177382	2.28113663	1.50310167	1.48875604	2.21573178	2.70126801	2.73969283	3.58772627	1.94319688	3.80084927	2.69083503	0.75144092	2.98342427	1.69082641	2.56474606	2.04368900	2.99101965	2.00918143	2.23015728	0.89712163	2.49366396	1.66369611	2.11933990	0.86912782	2.23050194	3.50061889	1.87651636	1.26401143	3.57016445	1.16174381	3.16916201	0.00000000	3.24756164	1.90299377	3.16284495	3.04984473	2.38919645	0.43538259	2.70767977	1.27423555	0.98575216	3.06469624	1.94233811
