NAME: multi_modal_data
TYPE: MM

VEHICLES: 2
DIMENSION: 43

NUM_T: 1
NUM_D: 1

MAXIMUM_SYSTEM_DURATION: 300
UNIT: MIN

SERVICETIME: 5
UNIT: MIN

TAKEOFF_LANDING_TIME: 2
UNIT: MIN

MAX_WAITING_TIME: 99999999
UNIT: MIN

INIT_SOC: 100
MAX_SOC: 100
MIN_SOC_T: 3
MIN_SOC_D: 3
UNIT: %

DEMAND_T: 44
DEMAND_D: 0
UNIT: EA

MASS_T: 1940
MASS_D: 15
UNIT: KG

LIFT_TO_DRAG: 3
POWER_MOTOR_PROP: 0.5
UNIT: RATIO

POWER_ELEC: 0.1
UNIT: KW

CARGO_LIMIT_TRUCK: 99999999999999
UNIT: KG

CARGO_LIMIT_DRONE: 6
UNIT: KG

BATTERY_KWH_T: 100
BATTERY_KWH_D: 0.3
UNIT: KWH 

ENERGY_KWH/KM_T: 1.0
ENERGY_KWH/KM_D: 0.1
UNIT: KWH/KM

CHARGING_KW_D: 0.5
CHARGING_KW_T: 80
UNIT: KW 

LOSISTIC_KWH/KG_T: 0.001
LOSISTIC_KWH/KG_D: 0.001
UNIT: KWH/KG

SPEED_T: 0.3
SPEED_D: 1.0
UNIT: KM/MIN

ALTITUDE: 100
UNIT: M

CURVY_AIR: 1.0
UNIT: RATIO

CURVY_ROAD: 1.0
UNIT: RATIO

DEPOT_SECTION
0

EDGE_KM_D_TYPE: EUC_2D(haversine)
EDGE_KM_T_TYPE: MAN_2D(haversine)
EDGE_KM_D_FORMAT : FULL_MATRIX
EDGE_KM_T_FORMAT : FULL_MATRIX

NODE_COORD_SECTION
0	37.64480435	127.01021362
1	37.66836636	126.99781604
2	37.66062514	127.00470404
3	37.65258754	126.99069055
4	37.66065011	126.99810443
5	37.63803524	126.98691425
6	37.63982784	127.03248976
7	37.63834398	127.00072060
8	37.64297212	127.02365552
9	37.63331582	126.99859233
10	37.64465347	126.99063305
11	37.67757563	127.00429693
12	37.64580093	126.99937416
13	37.63514362	127.00992816
14	37.68040732	126.99506539
15	37.64007939	126.98941648
16	37.64015609	127.01196915
17	37.64019555	127.03181901
18	37.64570407	127.00029383
19	37.66564315	127.00922019
20	37.63454131	126.98867384
21	37.61795994	127.03514974
22	37.65546664	126.99918687
23	37.61885315	127.04360413
24	37.62552023	127.03388377
25	37.63842730	127.03292508
26	37.63038280	127.02527398
27	37.66185285	126.99409593
28	37.63782103	127.01530477
29	37.63943255	127.01893073
30	37.62588592	127.02647319
31	37.64121226	127.02405044
32	37.64929359	126.98512728
33	37.63830053	127.01481333
34	37.64425715	127.01500612
35	37.63672426	127.03673288
36	37.63423000	127.01631389
37	37.67141335	127.00722196
38	37.66097525	126.98867194
39	37.63933287	127.00737350
40	37.64294513	127.01051545
41	37.67124656	127.01064711
42	37.61562467	127.02329221

EDGE_KM_D
0.00000000	2.83820378	1.82483683	1.92441847	2.05936845	2.18522319	2.03794769	1.10213239	1.20092336	1.63677520	1.72406708	3.68103651	0.96077239	1.07451980	4.17740255	1.90503734	0.53948142	1.97013955	0.87909976	2.31882145	2.21347785	3.70567965	1.53233859	4.11981945	2.99038858	2.12173036	2.08090503	2.36792628	0.89661525	0.97257043	2.54464985	1.28210576	2.26438348	0.82887504	0.42632479	2.50192258	1.29269571	2.97048726	2.61337908	0.65778992	0.20843683	2.94049095	3.44298873
2.83820378	0.00000000	1.05287605	1.86327373	0.85838408	3.50656822	4.40315562	3.34811874	3.62597834	3.89804662	2.71151710	1.17216988	2.51291089	3.84502130	1.36060598	3.23112233	3.37523343	4.33277081	2.52935733	1.04846452	3.84633144	6.49774735	1.43945151	6.82385091	5.72557761	4.54269026	4.86646757	0.79485211	3.72915779	3.71567565	5.35521892	3.80139999	2.39696145	3.66277286	3.07844660	4.91096983	4.13038881	0.89451791	1.15033960	3.33622291	3.03976345	1.17387230	6.27896853
1.82483683	1.05287605	0.00000000	1.52335693	0.58094963	2.96016958	3.36629959	2.50225264	2.57619443	3.08396828	2.16531597	1.88515182	1.71386122	2.87050752	2.35760299	2.65156307	2.36422115	3.29531266	1.70397132	0.68510517	3.22554683	5.44920196	0.75159613	5.77119046	4.67312364	3.50222801	3.81947887	0.94371687	2.70200523	2.66869433	4.31222341	2.74965525	2.13489591	2.63711623	2.03350020	3.87488414	3.10790814	1.21989779	1.41178851	2.37923168	2.03141218	1.29171396	5.26472099
1.92441847	1.86327373	1.52335693	0.00000000	1.10892010	1.65194901	3.94419456	1.81337238	3.09298208	2.25303229	0.88224363	3.02567876	1.07422147	2.57513882	3.11729799	1.39536121	2.32821929	3.87441302	1.14047413	2.18359891	2.01449312	5.49112714	0.81360413	5.98168392	4.85009822	4.03815178	3.92028200	1.07298513	2.71894017	2.88475342	4.32927922	3.19789286	0.61158830	2.65229841	2.33258392	4.42097023	3.04246679	2.54943420	0.94944955	2.08080068	2.04843825	2.71858259	5.01344148
2.05936845	0.85838408	0.58094963	1.10892010	0.00000000	2.70076214	3.81117462	2.49100280	2.98731088	3.03974232	1.89646527	1.95936903	1.65493548	3.02120173	2.21312830	2.41186013	2.58515726	3.73942522	1.67306580	1.12499698	3.01956638	5.75964696	0.58419968	6.13603721	5.01829200	3.93752989	4.12909504	0.37734714	2.95585292	2.98799206	4.60238111	3.14474074	1.70287111	2.88791151	2.35302102	4.31786631	3.34676857	1.44098251	0.83109652	2.50690950	2.25158898	1.61467445	5.47586350
2.18522319	3.50656822	2.96016958	1.65194901	2.70076214	0.00000000	4.01798841	1.21618166	3.28134056	1.15449251	0.80547304	4.65536836	1.39614988	2.05184790	4.76589082	0.31655793	2.21871282	3.96126059	1.45429866	3.64422707	0.41826493	4.79870578	2.21911717	5.42894993	4.36401245	4.05164504	3.48341521	2.72282863	2.50000570	2.82341983	3.73637236	3.28893415	1.26172182	2.45678838	2.56842221	4.38917231	2.62316191	4.11961196	2.55550534	1.80726506	2.14862281	4.24298615	4.05875043
2.03794769	4.40315562	3.36629959	3.94419456	3.81117462	4.01798841	0.00000000	2.80221232	0.85281424	3.07142709	3.72428513	4.87618527	2.99045084	2.05379107	5.58687619	3.79276434	1.80723504	0.07183220	2.90911754	3.52655455	3.90272049	2.44286102	3.40895210	2.52933654	1.59566486	0.16038128	1.22749499	4.17411801	1.52955004	1.19470481	1.63830864	0.75886598	4.30085564	1.56569023	1.61628308	0.50861503	1.55443225	4.15730107	4.51787087	2.21221670	1.96563471	3.98782159	2.81052270
1.10213239	3.34811874	2.50225264	1.81337238	2.49100280	1.21618166	2.80221232	0.00000000	2.08397354	0.58968025	1.13186905	4.37371119	0.83760759	0.88543408	4.70365412	1.01388610	1.01074818	2.74601196	0.81926755	3.12640033	1.14195289	3.78557997	1.90873773	4.35422844	3.24990873	2.83572343	2.33632769	2.67834339	1.28550416	1.60801224	2.65741633	2.07884038	1.83504245	1.24092074	1.41932327	3.17614468	1.44727601	3.72142575	2.73091809	0.59603637	1.00277924	3.76151953	3.21456882
1.20092336	3.62597834	2.57619443	3.09298208	2.98731088	3.28134056	0.85281424	2.08397354	0.00000000	2.45424550	2.91352802	4.20820745	2.16089588	1.48955552	4.86424980	3.03184205	1.07556779	0.78229178	2.07921882	2.82310441	3.21973425	2.95969918	2.56338487	3.20604003	2.13939531	0.95997609	1.40710601	3.34361651	0.93205389	0.57269330	1.91603438	0.19875286	3.46424567	0.93594408	0.77484330	1.34482703	1.16740817	3.47770012	3.67327401	1.48964880	1.15695853	3.34603610	3.04106975
1.63677520	3.89804662	3.08396828	2.25303229	3.03974232	1.15449251	3.07142709	0.58968025	2.45424550	0.00000000	1.44239809	4.94702905	1.38998859	1.01869340	5.24554026	1.10383492	1.40212895	3.02413758	1.38563619	3.71442175	0.88397399	3.64431870	2.46361883	4.27787900	3.22652174	3.07617575	2.37213905	3.19777626	1.55456856	1.91571547	2.59056085	2.40752855	2.13591204	1.53213497	1.88918028	3.37986818	1.56384463	4.30384298	3.19720650	1.02251534	1.49956713	4.34918054	2.93287149
1.72406708	2.71151710	2.16531597	0.88224363	1.89646527	0.80547304	3.72428513	1.13186905	2.91352802	1.44239809	0.00000000	3.85331086	0.78011732	2.00116788	3.99475038	0.51977320	1.94403390	3.66008263	0.85857040	2.85039575	1.13757971	4.91713501	1.41873762	5.47628993	4.36248673	3.78760253	3.43834907	1.93663154	2.30136113	2.55831957	3.78353663	2.96710601	0.70794838	2.24319731	2.14640505	4.15376698	2.54098745	3.31459426	1.82309430	1.58828091	1.76085858	3.44209862	4.32328887
3.68103651	1.17216988	1.88515182	3.02567876	1.95936903	4.65536836	4.87618527	4.37371119	4.20820745	4.94702905	3.85331086	0.00000000	3.55966418	4.74420156	0.87130592	4.37032535	4.21532450	4.81102880	3.56143565	1.39579680	4.97892914	7.16392390	2.49921796	7.39003094	6.34737841	5.02996758	5.56307057	1.96536899	4.52547967	4.43263933	6.07017461	4.40147388	3.56891675	4.46424042	3.82290383	5.36536831	4.93455039	0.73197771	2.30187131	4.26102262	3.88945377	0.89868249	7.08874780
0.96077239	2.51291089	1.71386122	1.07422147	1.65493548	1.39614988	2.99045084	0.83760759	2.16089588	1.38998859	0.78011732	3.55966418	0.00000000	1.50595368	3.86670682	1.08326095	1.27427407	2.92390241	0.08168506	2.37050750	1.56691894	4.41690835	1.07490632	4.91417227	3.78415200	3.06579019	2.85311129	1.84438807	1.65977352	1.86184429	3.25544622	2.23178470	1.31307739	1.59484798	1.38698525	3.44078320	1.96981801	2.93056622	1.93253901	1.00665314	1.03106548	2.99840391	3.96175041
1.07451980	3.84502130	2.87050752	2.57513882	3.02120173	2.05184790	2.05379107	0.88543408	1.48955552	1.01869340	2.00116788	4.74420156	1.50595368	0.00000000	5.20037973	1.88768513	0.58562045	2.00776540	1.44863447	3.39197018	1.87279940	2.92995559	2.44972822	3.47517017	2.36547198	2.05765151	1.45134163	3.28076885	0.55926679	0.92511697	1.78396434	1.41481058	2.69148557	0.55521698	1.10763554	2.36685492	0.57141470	4.04004654	3.42821590	0.51729503	0.86903000	4.01496803	2.46898852
4.17740255	1.36060598	2.35760299	3.11729799	2.21312830	4.76589082	5.58687619	4.70365412	4.86424980	5.24554026	3.99475038	0.87130592	3.86670682	5.20037973	0.00000000	4.51175413	4.71660457	5.51908315	3.88617880	2.06087263	5.13101783	7.78916510	2.79690656	8.06901170	6.99481589	5.73559160	6.16549799	2.06492944	5.05946067	5.01720106	6.66328206	5.05021740	3.56857171	4.99436884	4.38624791	6.08668249	5.46478783	1.46452174	2.23282282	4.69402803	4.38199953	1.70826086	7.62013867
1.90503734	3.23112233	2.65156307	1.39536121	2.41186013	0.31655793	3.79276434	1.01388610	3.03184205	1.10383492	0.51977320	4.37032535	1.08326095	1.88768513	4.51175413	0.00000000	1.98580780	3.73361417	1.14385950	3.33463012	0.61926948	4.71911140	1.91505383	5.32376682	4.23724137	3.83542988	3.33652016	2.45590229	2.29332029	2.59977251	3.62482159	3.05213962	1.09195676	2.24498129	2.30052697	4.18303117	2.45612932	3.82053283	2.32444127	1.58332316	1.88488554	3.93748124	4.03662136
0.53948142	3.37523343	2.36422115	2.32821929	2.58515726	2.21871282	1.80723504	1.01074818	1.07556779	1.40212895	1.94403390	4.21532450	1.27427407	0.58562045	4.71660457	1.98580780	0.00000000	1.74780750	1.19888795	2.84434918	2.14416647	3.20293229	2.04079363	3.65682081	2.52441344	1.85520078	1.59800301	2.88036419	0.39202284	0.61823528	2.03694376	1.07022618	2.57246839	0.32448400	0.52863482	2.21366419	0.76195873	3.50068757	3.09289636	0.41487910	0.33550345	3.45906513	2.90432472
1.97013955	4.33277081	3.29531266	3.87441302	3.73942522	3.96126059	0.07183220	2.74601196	0.78229178	3.02413758	3.66008263	4.81102880	2.92390241	2.00776540	5.51908315	3.73361417	1.74780750	0.00000000	2.84250258	3.45905390	3.85079705	2.48982884	3.33729984	2.59018339	1.64192155	0.21941927	1.23398833	4.10230297	1.47789719	1.13799982	1.65933706	0.69330627	4.23365374	1.51214142	1.54771233	0.57982954	1.51791255	4.09125798	4.44616094	2.15460261	1.90052059	3.92365793	2.83347524
0.87909976	2.52935733	1.70397132	1.14047413	1.67306580	1.45429866	2.90911754	0.81926755	2.07921882	1.38563619	0.85857040	3.56143565	0.08168506	1.44863447	3.88617880	1.14385950	1.19888795	2.84250258	0.00000000	2.35226543	1.60858087	4.35187258	1.08991561	4.84359044	3.71291473	2.98490663	2.78219926	1.87673321	1.58595194	1.78298096	3.18911014	2.15050895	1.39367797	1.52055681	1.30530313	3.36023818	1.90199278	2.92307668	1.98249539	0.94364484	0.95082508	2.98284526	3.91007700
2.31882145	1.04846452	0.68510517	2.18359891	1.12499698	3.64422707	3.52655455	3.12640033	2.82310441	3.71442175	2.85039575	1.39579680	2.37050750	3.39197018	2.06087263	3.33463012	2.84434918	3.45905390	2.35226543	0.00000000	3.90287179	5.77279025	1.43544884	6.01953628	4.96186677	3.67606930	4.16775829	1.39640644	3.13971552	3.03728043	4.67450576	3.01404097	2.79345015	3.07997966	2.43195676	4.02581746	3.54837904	0.66528765	1.88173424	2.93008743	2.52648192	0.63560374	5.69815390
2.21347785	3.84633144	3.22554683	2.01449312	3.01956638	0.41826493	3.90272049	1.14195289	3.21973425	0.88397399	1.13757971	4.97892914	1.56691894	1.87279940	5.13101783	0.61926948	2.14416647	3.85079705	1.60858087	3.90287179	0.00000000	4.48913207	2.50414696	5.14246887	4.10575023	3.92045016	3.25601951	3.07419916	2.37319756	2.71921493	3.46506444	3.20214617	1.66983984	2.33937623	2.55795254	4.23886678	2.43417290	4.41319426	2.93932400	1.73065273	2.13821913	4.51666192	3.70400647
3.70567965	6.49774735	5.44920196	5.49112714	5.75964696	4.79870578	2.44286102	3.78557997	2.95969918	3.64431870	4.91713501	7.16392390	4.41690835	2.92995559	7.78916510	4.71911140	3.20293229	2.48982884	4.35187258	5.77279025	4.48913207	0.00000000	5.23657176	0.75123068	0.84802958	2.28428740	1.63237231	6.07355900	2.81630912	2.78226028	1.16648826	2.76413397	5.61628245	2.88497290	3.42010924	2.09115340	2.45453710	6.43230492	6.29493402	3.41049942	3.52486784	6.30573528	1.07619420
1.53233859	1.43945151	0.75159613	0.81360413	0.58419968	2.21911717	3.40895210	1.90873773	2.56338487	2.46361883	1.41873762	2.49921796	1.07490632	2.44972822	2.79690656	1.91505383	2.04079363	3.33729984	1.08991561	1.43544884	2.50414696	5.23657176	0.00000000	5.64553518	4.51904282	3.52324032	3.61323261	0.83970443	2.42149341	2.49007190	4.07325487	2.70261075	1.41534867	2.35293423	1.86903331	3.90781141	2.80181982	1.90904766	1.10994464	1.93337397	1.71269824	2.02395964	4.91248663
4.11981945	6.82385091	5.77119046	5.98168392	6.13603721	5.42894993	2.52933654	4.35422844	3.20604003	4.27787900	5.47628993	7.39003094	4.91417227	3.47517017	8.06901170	5.32376682	3.65682081	2.59018339	4.84359044	6.01953628	5.14246887	0.75123068	5.64553518	0.00000000	1.13247259	2.37103545	2.06147536	6.47026593	3.26488073	3.15558043	1.69938016	3.02430931	6.16223293	3.33237886	3.78440491	2.07727077	2.94953203	6.66471357	6.73296978	3.91993768	3.95817249	6.50852609	1.82470103
2.99038858	5.72557761	4.67312364	4.85009822	5.01829200	4.36401245	1.59566486	3.24990873	2.13939531	3.22652174	4.36248673	6.34737841	3.78415200	2.36547198	6.99481589	4.23724137	2.52441344	1.64192155	3.71291473	4.96186677	4.10575023	0.84802958	4.51904282	1.13247259	0.00000000	1.43768343	0.93126610	5.34734187	2.13251782	2.03150895	0.65390240	1.94792241	5.04180116	2.19995349	2.66534621	1.27084570	1.82537138	5.61707418	5.60262130	2.79443728	2.82640646	5.48067679	1.44254713
2.12173036	4.54269026	3.50222801	4.03815178	3.93752989	4.05164504	0.16038128	2.83572343	0.95997609	3.07617575	3.78760253	5.02996758	3.06579019	2.05765151	5.73559160	3.83542988	1.85520078	0.21941927	2.98490663	3.67606930	3.92045016	2.28428740	3.52324032	2.37103545	1.43768343	0.00000000	1.11985398	4.29780122	1.55299462	1.23729782	1.50583710	0.84054986	4.37845991	1.59486079	1.70574112	0.38507455	1.53536535	4.30968424	4.63306249	2.25213615	2.03612425	4.14295019	2.67369347
2.08090503	4.86646757	3.81947887	3.92028200	4.12909504	3.48341521	1.22749499	2.33632769	1.40710601	2.37213905	3.43834907	5.56307057	2.85311129	1.45134163	6.16549799	3.33652016	1.59800301	1.23398833	2.78219926	4.16775829	3.25601951	1.63237231	3.61323261	2.06147536	0.93126610	1.11985398	0.00000000	4.44752348	1.20612819	1.15091928	0.51106186	1.20899312	4.11312342	1.27421913	1.78817216	1.23102482	0.89753673	4.83127704	4.68582860	1.86415042	1.90790943	4.72279661	1.65028662
2.36792628	0.79485211	0.94371687	1.07298513	0.37734714	2.72282863	4.17411801	2.67834339	3.34361651	3.19777626	1.93663154	1.96536899	1.84438807	3.28076885	2.06492944	2.45590229	2.88036419	4.10230297	1.87673321	1.39640644	3.07419916	6.07355900	0.83970443	6.47026593	5.34734187	4.29780122	4.44752348	0.00000000	3.25994906	3.31596675	4.91134709	3.49600603	1.60426227	3.19146198	2.68641518	4.67955248	3.64151464	1.57002334	0.48732215	2.76351191	2.55143137	1.79259887	5.74736899
0.89661525	3.72915779	2.70200523	2.71894017	2.95585292	2.50000570	1.52955004	1.28550416	0.93205389	1.55456856	2.30136113	4.52547967	1.65977352	0.55926679	5.05946067	2.29332029	0.39202284	1.47789719	1.58595194	3.13971552	2.37319756	2.81630912	2.42149341	3.26488073	2.13251782	1.55299462	1.20612819	3.25994906	0.00000000	0.36612529	1.65182933	0.85744205	2.94741540	0.06866878	0.71614726	1.89078014	0.40907268	3.80247183	3.48233236	0.71832014	0.70885642	3.73930308	2.56641024
0.97257043	3.71567565	2.66869433	2.88475342	2.98799206	2.82341983	1.19470481	1.60801224	0.57269330	1.91571547	2.55831957	4.43263933	1.86184429	0.92511697	5.01720106	2.59977251	0.61823528	1.13799982	1.78298096	3.03728043	2.71921493	2.78226028	2.49007190	3.15558043	2.03150895	1.23729782	1.15091928	3.31596675	0.36612529	0.00000000	1.64625136	0.49231926	3.17182286	0.38377805	0.63813205	1.59620878	0.62270074	3.70248129	3.58257282	1.01769823	0.83760570	3.61194145	2.67503817
2.54464985	5.35521892	4.31222341	4.32927922	4.60238111	3.73637236	1.63830864	2.65741633	1.91603438	2.59056085	3.78353663	6.07017461	3.25544622	1.78396434	6.66328206	3.62482159	2.03694376	1.65933706	3.18911014	4.67450576	3.46506444	1.16648826	4.07325487	1.69938016	0.65390240	1.50583710	0.51106186	4.91134709	1.65182933	1.64625136	0.00000000	1.71751588	4.47540154	1.72043447	2.27872839	1.50622744	1.28890193	5.33861849	5.12847863	2.25046270	2.36068563	5.23279481	1.17489226
1.28210576	3.80139999	2.74965525	3.19789286	3.14474074	3.28893415	0.75886598	2.07884038	0.19875286	2.40752855	2.96710601	4.40147388	2.23178470	1.41481058	5.05021740	3.05213962	1.07022618	0.69330627	2.15050895	3.01404097	3.20214617	2.76413397	2.70261075	3.02430931	1.94792241	0.84054986	1.20899312	3.49600603	0.85744205	0.49231926	1.71751588	0.00000000	3.54284824	0.87541523	0.86532241	1.22315637	1.03289206	3.67045929	3.81186395	1.48321660	1.20721684	3.54197529	2.84599727
2.26438348	2.39696145	2.13489591	0.61158830	1.70287111	1.26172182	4.30085564	1.83504245	3.46424567	2.13591204	0.70794838	3.56891675	1.31307739	2.69148557	3.56857171	1.09195676	2.57246839	4.23365374	1.39367797	2.79345015	1.66983984	5.61628245	1.41534867	6.16223293	5.04180116	4.37845991	4.11312342	1.60426227	2.94741540	3.17182286	4.47540154	3.54284824	0.00000000	2.88547288	2.68958275	4.75385679	3.21650387	3.13567172	1.33589895	2.25016253	2.34409647	3.31742097	5.03102869
0.82887504	3.66277286	2.63711623	2.65229841	2.88791151	2.45678838	1.56569023	1.24092074	0.93594408	1.53213497	2.24319731	4.46424042	1.59484798	0.55521698	4.99436884	2.24498129	0.32448400	1.51214142	1.52055681	3.07997966	2.33937623	2.88497290	2.35293423	3.33237886	2.19995349	1.59486079	1.27421913	3.19146198	0.06866878	0.38377805	1.72043447	0.87541523	2.88547288	0.00000000	0.66256340	1.93805216	0.47151570	3.74214031	3.41377652	0.66507822	0.64026340	3.68174953	2.62968731
0.42632479	3.07844660	2.03350020	2.33258392	2.35302102	2.56842221	1.61628308	1.41932327	0.77484330	1.88918028	2.14640505	3.82290383	1.38698525	1.10763554	4.38624791	2.30052697	0.52863482	1.54771233	1.30530313	2.43195676	2.55795254	3.42010924	1.86903331	3.78440491	2.66534621	1.70574112	1.78817216	2.68641518	0.71614726	0.63813205	2.27872839	0.86532241	2.68958275	0.66256340	0.00000000	2.08839549	1.12089995	3.09641074	2.97163077	0.86686960	0.42144651	3.02552217	3.26634109
2.50192258	4.91096983	3.87488414	4.42097023	4.31786631	4.38917231	0.50861503	3.17614468	1.34482703	3.37986818	4.15376698	5.36536831	3.44078320	2.36685492	6.08668249	4.18303117	2.21366419	0.57982954	3.36023818	4.02581746	4.23886678	2.09115340	3.90781141	2.07727077	1.27084570	0.38507455	1.23102482	4.67955248	1.89078014	1.59620878	1.50622744	1.22315637	4.75385679	1.93805216	2.08839549	0.00000000	1.81929416	4.65058539	5.01754035	2.60142278	2.40989466	4.47318611	2.62785756
1.29269571	4.13038881	3.10790814	3.04246679	3.34676857	2.62316191	1.55443225	1.44727601	1.16740817	1.56384463	2.54098745	4.93455039	1.96981801	0.57141470	5.46478783	2.45612932	0.76195873	1.51791255	1.90199278	3.54837904	2.43417290	2.45453710	2.80181982	2.94953203	1.82537138	1.53536535	0.89753673	3.64151464	0.40907268	0.62270074	1.28890193	1.03289206	3.21650387	0.47151570	1.12089995	1.81929416	0.00000000	4.21136964	3.84278836	0.97042042	1.09535266	4.14618206	2.15817602
2.97048726	0.89451791	1.21989779	2.54943420	1.44098251	4.11961196	4.15730107	3.72142575	3.47770012	4.30384298	3.31459426	0.73197771	2.93056622	4.04004654	1.46452174	3.82053283	3.50068757	4.09125798	2.92307668	0.66528765	4.41319426	6.43230492	1.90904766	6.66471357	5.61707418	4.30968424	4.83127704	1.57002334	3.80247183	3.70248129	5.33861849	3.67045929	3.13567172	3.74214031	3.09641074	4.65058539	4.21136964	0.00000000	2.00327417	3.56721701	3.17877530	0.30203161	6.36274785
2.61337908	1.15033960	1.41178851	0.94944955	0.83109652	2.55550534	4.51787087	2.73091809	3.67327401	3.19720650	1.82309430	2.30187131	1.93253901	3.42821590	2.23282282	2.32444127	3.09289636	4.44616094	1.98249539	1.88173424	2.93932400	6.29493402	1.10994464	6.73296978	5.60262130	4.63306249	4.68582860	0.48732215	3.48233236	3.58257282	5.12847863	3.81186395	1.33589895	3.41377652	2.97163077	5.01754035	3.84278836	2.00327417	0.00000000	2.91585976	2.77804723	2.24628716	5.89256865
0.65778992	3.33622291	2.37923168	2.08080068	2.50690950	1.80726506	2.21221670	0.59603637	1.48964880	1.02251534	1.58828091	4.26102262	1.00665314	0.51729503	4.69402803	1.58332316	0.41487910	2.15460261	0.94364484	2.93008743	1.73065273	3.41049942	1.93337397	3.91993768	2.79443728	2.25213615	1.86415042	2.76351191	0.71832014	1.01769823	2.25046270	1.48321660	2.25016253	0.66507822	0.86686960	2.60142278	0.97042042	3.56721701	2.91585976	0.00000000	0.48771938	3.56032793	2.98580929
0.20843683	3.03976345	2.03141218	2.04843825	2.25158898	2.14862281	1.96563471	1.00277924	1.15695853	1.49956713	1.76085858	3.88945377	1.03106548	0.86903000	4.38199953	1.88488554	0.33550345	1.90052059	0.95082508	2.52648192	2.13821913	3.52486784	1.71269824	3.95817249	2.82640646	2.03612425	1.90790943	2.55143137	0.70885642	0.83760570	2.36068563	1.20721684	2.34409647	0.64026340	0.42144651	2.40989466	1.09535266	3.17877530	2.77804723	0.48771938	0.00000000	3.14700041	3.23957677
2.94049095	1.17387230	1.29171396	2.71858259	1.61467445	4.24298615	3.98782159	3.76151953	3.34603610	4.34918054	3.44209862	0.89868249	2.99840391	4.01496803	1.70826086	3.93748124	3.45906513	3.92365793	2.98284526	0.63560374	4.51666192	6.30573528	2.02395964	6.50852609	5.48067679	4.14295019	4.72279661	1.79259887	3.73930308	3.61194145	5.23279481	3.54197529	3.31742097	3.68174953	3.02552217	4.47318611	4.14618206	0.30203161	2.24628716	3.56032793	3.14700041	0.00000000	6.28429217
3.44298873	6.27896853	5.26472099	5.01344148	5.47586350	4.05875043	2.81052270	3.21456882	3.04106975	2.93287149	4.32328887	7.08874780	3.96175041	2.46898852	7.62013867	4.03662136	2.90432472	2.83347524	3.91007700	5.69815390	3.70400647	1.07619420	4.91248663	1.82470103	1.44254713	2.67369347	1.65028662	5.74736899	2.56641024	2.67503817	1.17489226	2.84599727	5.03102869	2.62968731	3.26634109	2.62785756	2.15817602	6.36274785	5.89256865	2.98580929	3.23957677	6.28429217	0.00000000

EDGE_KM_T
0.00000000	3.71153201	2.24428849	2.58437304	2.82813220	2.80409892	2.51467955	1.55417944	1.38723626	2.30067207	1.74076044	4.16494365	1.06518135	1.09935895	5.29261096	2.35648974	0.67143046	2.41473598	0.97343835	2.40463871	3.03768346	5.18048340	2.15645112	5.82553383	4.22835232	2.70874108	2.92960460	3.31480165	1.22476414	1.36482163	3.53522096	1.61769419	2.70792464	1.12817670	0.48280519	3.23337143	1.71291758	3.22219255	3.69477462	0.85846193	0.23331068	2.97841017	4.39614989
3.71118567	0.00000000	1.46705110	2.38169575	0.88339175	4.33222088	6.22524290	3.59399299	5.09804641	3.96577463	3.26898628	1.59445880	2.64630713	4.76028627	1.58100212	3.88468160	4.38256709	6.12531807	2.73802443	1.30657471	4.56585458	8.89097244	1.55504259	9.53578667	7.93887672	6.41929227	6.64036954	1.05170505	4.93580758	5.07576378	7.24595240	5.32849330	3.23763308	4.83923387	4.19385697	6.94381624	5.42393283	1.16669827	1.62669724	4.06960711	3.94448792	1.44962521	8.10697019
2.24418515	1.46711433	0.00000000	2.12730449	0.58371993	4.07786429	4.75844688	2.82820376	3.63116929	3.57465647	3.01459555	1.92064752	2.11755125	3.29328314	3.04814169	3.63030204	2.91558269	4.65851589	2.04736553	0.95552091	4.31148183	7.42420084	1.05925781	8.06909269	6.47209350	4.95250025	5.17350728	1.07031420	3.46885380	3.60884328	5.77910115	3.86161981	2.98329289	3.37227558	2.72690045	5.47705918	3.95698831	1.42124129	1.45018544	2.60258052	2.47749017	1.70419967	6.64008973
2.58419291	2.38182907	2.12743804	0.00000000	1.54920889	1.95059578	5.09866691	2.46682263	3.97130514	2.83856445	0.88729161	3.97640912	1.51911157	3.63328818	3.47856773	1.50300969	3.25560718	4.99872953	1.61084609	3.08300198	2.18419656	7.76444622	1.06812765	8.40941862	6.81232681	5.29272442	5.51365855	1.33005442	3.80891008	3.94893411	6.11926384	4.20175942	0.85604142	3.71232717	3.06695388	5.81731964	4.29705421	3.54870332	1.11038296	2.94256122	2.81750081	3.83169434	6.98022212
2.82790472	0.88339439	0.58371973	1.54913802	0.00000000	3.49969771	5.34216578	2.71062518	4.21488845	3.08238734	2.43642908	2.42714104	1.76292699	3.87700271	2.46442168	3.05213553	3.49930220	5.24223481	1.85465271	1.53368683	3.73331530	8.00791966	0.67166074	8.65281125	7.05581236	5.53621913	5.75722639	0.48659416	4.05257321	4.19256259	6.36282023	4.44533896	2.40512626	3.95599501	3.31061987	6.06077795	4.54070770	1.99940727	0.86646523	3.18630017	3.06120973	2.28236555	7.22380891
2.80428585	4.33261290	4.07834068	1.95066092	3.49999770	0.00000000	4.21241798	1.25003025	3.78415911	1.55307393	1.06336832	5.92730475	1.96064671	2.34799319	5.42930412	0.44762926	2.44200371	4.19424361	2.03085705	5.03398252	0.54344613	6.47958628	3.01893513	7.12470451	5.52744504	4.09501624	4.22862827	3.28077408	2.52370783	2.97454152	4.83425425	3.62324501	1.40922306	2.48611486	3.16543671	4.53248701	3.01186937	5.49964939	2.70558684	1.94580114	2.62412748	5.78269950	5.69515766
2.51481095	6.22641607	4.75913193	5.09929912	5.34301456	4.21232115	0.00000000	2.96232026	1.12749540	3.70882543	4.22213339	6.67978949	3.58005622	2.50744546	7.80751124	3.82063803	1.84337013	0.09994753	3.48830780	4.91945551	4.44589532	2.66581954	4.67132710	3.31091984	1.71368099	0.19406410	1.68560310	5.82970765	1.73631208	1.23784767	2.08004153	0.89703515	5.22288353	1.72626559	2.03197749	0.71871691	2.04676288	5.73702114	6.20971260	2.26656351	2.28149848	5.41688487	3.50113152
1.55425213	3.59409638	2.82830897	2.46699197	2.71069436	1.25002520	2.96237613	0.00000000	2.53412048	0.74650892	1.58982634	4.67727319	0.94773379	1.16662101	5.17519640	1.18833313	1.19196935	2.94420200	0.85598375	3.78394917	1.48359627	5.29820489	2.03900499	5.94332004	4.34606411	2.84497423	3.04725048	3.19739451	1.34233368	1.72450462	3.65287602	2.37320624	2.59058618	1.24574248	1.91540124	3.35110504	1.83049485	4.24961677	3.57740901	0.69576846	1.37409365	4.53266562	4.51378059
1.38726545	5.09882438	3.63156590	3.97168088	4.21542394	3.78394412	1.12746248	2.53399467	0.00000000	3.28049192	3.09451493	5.55222195	2.45247034	2.07915419	6.67990931	3.33632951	1.34208703	1.02751745	2.36072534	3.79190631	4.01752485	3.79327211	3.54374052	4.43834090	2.84113828	1.32152496	1.54237186	4.70210210	1.30804084	0.80958994	2.14799083	0.23045879	4.09524456	1.29799252	0.90444985	1.84616358	1.61849540	4.60946450	5.08208684	1.83826271	1.15995475	4.28934099	3.07289005
2.30083030	3.96580689	3.57485432	2.83874494	3.08240315	1.55313924	3.70908703	0.74652160	3.28077874	0.00000000	1.96157966	5.42381610	1.45713053	1.20146746	5.54692330	1.56009369	1.93855798	3.69090891	1.52734602	4.53052142	1.00968327	4.92671684	2.51541790	5.57188237	3.97456852	3.59168774	2.67570358	3.56912719	1.97264234	2.47113473	3.28133627	3.11986686	2.96237230	1.98268504	2.66200796	3.73763014	1.66219933	4.99617711	3.94917401	1.44232970	2.12067362	5.27924638	4.14222188
1.74076394	3.26918823	3.01486198	0.88729215	2.43657077	1.06333915	4.22189398	1.58975091	3.09444912	1.96147271	0.00000000	4.86382924	0.89720982	2.75630305	4.36590103	0.61572952	2.37864125	4.12195029	0.96741295	3.97046840	1.29692338	6.88769831	1.95549971	7.53275023	5.93556700	4.41595559	4.63681775	2.21737860	2.93197552	3.07203366	5.24243433	3.32490712	1.00071866	2.83538799	2.19001652	4.94058662	3.42012914	4.43615095	1.98756800	2.06555206	1.94052121	4.71917419	6.10336269
4.16471373	1.59438801	1.92063934	3.97600593	2.42701673	5.92648981	6.67852765	4.67710683	5.55142765	5.42351676	4.86329584	0.00000000	3.96642725	5.21381746	1.12730859	5.47897786	4.83607598	6.57861014	3.89626002	1.76011363	6.16014273	9.34422814	2.90813005	9.98895003	8.39214625	6.87257226	7.09373310	2.64605242	5.38928004	5.52919663	7.69930286	5.78187023	4.83188249	5.29271169	4.64733269	7.39705465	5.87739426	0.94263743	3.22098537	4.52316619	4.39801269	1.26262040	8.56035540
1.06516855	2.64634881	2.11764492	1.51918143	1.76294934	1.96053202	3.57982177	0.94772189	2.45238892	1.45711896	0.89719793	3.96661273	0.00000000	2.11426152	4.22742452	1.51292579	1.73659694	3.47987899	0.09174191	3.07324520	2.19411864	6.24562248	1.09126955	6.89066291	5.29349289	3.77388279	3.99475535	2.24961407	2.28992667	2.42997988	4.60037030	2.68284638	1.64272647	2.19333982	1.54796808	4.29850864	2.77807892	3.53893046	2.62958063	1.42351400	1.29847887	3.82194904	5.46130298
1.09936222	4.76076332	3.29344094	3.63368594	3.87736021	2.34807206	2.50757071	1.16665593	2.07928155	1.20144291	2.75652053	5.21410076	2.11439483	0.00000000	6.34187377	2.35503193	0.73708610	2.48939404	2.02264130	3.45373944	1.93856787	4.13167955	3.20566674	4.77682678	3.17953397	2.39017047	1.88068768	4.36407556	0.77116323	1.26964777	2.48631777	1.91836881	3.75730124	0.78120699	1.46052950	2.53610464	0.66389807	4.27131617	4.74411063	0.69077978	0.91920489	4.07777736	3.34721027
5.29197143	1.58096283	3.04791555	3.47842340	2.46435047	5.42889460	7.80571052	5.17491434	6.67864020	5.54672637	4.36571311	1.12727758	4.22724770	6.34107612	0.00000000	4.98139105	5.96332778	7.70579526	4.31895188	2.88737467	5.66255343	10.47140206	3.13598584	11.11609555	9.51932443	7.99975367	8.22094021	2.14848133	6.51652063	6.65642505	8.82650594	6.90908145	4.33428128	6.41995394	5.77457429	8.52422326	7.00463147	2.06990519	2.72339606	5.65043344	5.52526938	2.38987665	9.68756916
2.35660621	3.88496329	3.63067439	1.50302858	3.05234739	0.44762320	3.82062519	1.18830988	3.33644690	1.56002014	0.61573612	5.47963944	1.51299332	2.35491195	4.98166117	0.00000000	1.99431982	3.74651163	1.58320144	4.58630529	0.68119789	6.48644393	2.57128220	7.13154169	5.53430576	4.01468916	4.23550984	2.83313349	2.53061356	2.67069136	4.84113292	3.17553185	1.40224423	2.43402337	2.71774545	4.53934083	3.01877265	5.05197700	2.38907435	1.66414711	2.17644711	5.33501881	5.70204403
0.67144013	4.38304044	2.91575898	3.25592073	3.49963904	2.44194073	1.84336215	1.19194519	1.34212603	1.93844954	2.37875498	4.83641638	1.73668121	0.73707397	5.96413456	1.99431776	0.00000000	1.75219003	1.64493314	3.07608431	2.67551558	4.50918065	2.82795201	5.15427765	3.55704259	2.03742607	2.25824744	3.98633059	0.55335205	0.69342953	2.86387041	1.18121095	3.37950299	0.45676191	0.72342537	2.56207741	1.04151106	3.89364917	4.36633344	0.49619102	0.43812779	3.57351423	3.72478181
2.41485400	6.12645372	4.65917258	4.99933367	5.24305233	4.19412864	0.09994724	2.94413376	1.02754432	3.69063801	4.12216791	6.57982997	3.48009456	2.48926298	7.70754770	3.74650579	1.75218910	0.00000000	3.38834653	4.81949813	4.42770357	2.76576562	4.57136535	3.41086223	1.81362762	0.29401114	1.66742730	5.72974368	1.71813194	1.21966911	2.06186625	0.79708423	5.12291565	1.70808524	1.93202263	0.81866230	2.02858318	5.63706289	6.10974627	2.24837991	2.18154167	5.31692812	3.48295486
0.97342777	2.73809101	2.04744355	1.61092445	1.85469151	2.03073544	3.48808356	0.85598003	2.36064969	1.52732103	0.96740092	3.89641131	0.09174202	2.02252071	4.31916704	1.58312892	1.64485636	3.38814070	0.00000000	3.00304434	2.26432186	6.15388457	1.18301159	6.79892597	5.20175484	3.68214462	3.90301631	2.34135669	2.19818648	2.33824011	4.50863139	2.59110720	1.73447012	2.10159957	1.45622785	4.20677091	2.68633885	3.46872937	2.72132388	1.33177290	1.20673814	3.75174835	5.36956371
2.40461416	1.30661154	0.95549403	3.08271514	1.53362101	5.03325246	4.91874335	3.78367409	3.79151832	4.53011413	3.97000585	1.76018331	3.07301357	3.45371385	2.88762254	4.58570510	3.07600125	4.81881635	3.00283332	0.00000000	5.26688048	7.58448148	2.01471901	8.22932302	6.63238167	5.11279412	5.33384667	1.75271343	3.62925252	3.76922043	5.93943341	4.02196649	3.93867043	3.53267722	2.88730095	5.63733040	4.11738103	0.81750448	2.32772315	3.08812094	2.63791739	0.74867028	6.80044092
3.03794547	4.56622118	4.31197748	2.18423970	3.73360717	0.54345342	4.44616983	1.48365056	4.01787438	1.00966887	1.29694686	6.16093986	2.19426144	1.93858304	5.66290101	0.68120276	2.67567059	4.42799269	2.26447559	5.26763802	0.00000000	5.93633259	3.25254908	6.58148583	4.98418611	4.32876990	3.68533368	3.51436696	2.70975011	3.20823723	4.29096463	3.85696192	1.95268388	2.71979352	3.39911617	4.47470678	2.46853769	5.73329662	2.93949074	2.17944899	2.85778835	6.01636091	5.15185487
5.18127661	8.89320297	7.42574035	7.76627064	8.00979398	6.48073364	2.66588846	5.29903644	3.79361277	4.92738196	6.88910640	9.34640846	6.24680275	4.13219306	10.47436941	6.48764257	4.50979031	2.76585337	6.15503050	7.58594692	5.93724566	0.00000000	7.33807848	0.84396167	0.95217135	2.47181309	2.25119295	8.49659094	3.95635053	3.81617769	1.64553844	3.56314228	7.88999920	4.05295360	4.69831898	2.22593935	3.46816498	8.40356432	8.87673643	4.82302485	4.94795633	8.08333931	1.30405081
2.15631175	1.55506356	1.05929156	1.06809865	0.67166739	3.01868154	4.67070972	2.03897386	3.54337810	2.51540229	1.95539006	2.90826403	1.09126740	3.20540799	3.13610775	2.57110399	2.82772002	4.57077463	1.18299878	2.01484008	3.25228832	7.33647995	0.00000000	7.98142350	6.38436487	4.86476575	5.08572598	1.15828618	3.38101153	3.52102320	5.69132719	3.77383103	1.92412108	3.28443031	2.63905636	5.38934797	3.86915222	2.48054824	1.53819060	2.51468974	2.38961861	2.76352758	6.55229632
5.82656063	9.53847386	8.07101854	8.41153399	8.65506518	7.12599299	3.31119607	5.94431041	4.43891103	5.57265367	7.53436969	9.99168622	6.89207530	4.77747678	11.11963740	7.13290457	5.15507619	3.41116027	6.80030402	8.23122989	6.58250687	0.84395272	7.98335082	0.00000000	1.59748043	3.11712115	2.89649292	9.14185790	4.60163994	4.46147094	2.29083967	4.20844096	8.53525666	4.69824249	5.34360807	2.59237370	4.11345547	9.04884518	9.52199765	5.46830587	5.59324067	8.72862379	2.14799098
4.22889325	7.94070856	6.47330764	6.81371242	7.05730216	5.52814160	1.71370462	4.34656806	2.84134981	3.97489451	5.93654767	8.39397211	5.29432230	3.17980714	9.52185038	5.53507294	3.55742267	1.81366353	5.20255829	6.63355466	4.98466937	0.95216002	6.38559635	1.59740365	0.00000000	1.51963315	1.29894448	7.54406322	3.00401277	2.86387241	0.69330071	2.61088286	6.93739115	3.10061143	3.74597854	1.49674953	2.51583626	7.45115417	7.92416013	3.87061606	3.99557567	7.13095983	2.03312024
2.70891274	6.42053844	4.95324287	5.29343332	5.53713645	4.09499486	0.19406482	2.84497105	1.32157489	3.59147976	4.41626768	6.87390110	3.77417601	2.39008098	8.00163818	4.01477435	2.03746901	0.29401346	3.68242606	5.11355896	4.32856611	2.47175914	4.86544720	3.11687347	1.51961848	0.00000000	1.56821314	6.02383620	1.61893867	1.34402522	1.96264958	1.09111397	5.41702696	1.60889300	2.22607133	0.52465914	1.92938780	5.93112790	6.40385015	2.35059211	2.47559978	5.61098595	3.38374485
2.92986200	6.64160590	5.17424466	5.51456871	5.75820116	4.22897613	1.68568386	3.04748212	1.54239600	2.67579631	4.63740362	7.09490678	3.99522861	1.88077425	8.22273186	4.23592189	2.25840154	1.66750341	3.90346990	5.33451769	3.68551404	2.25104760	5.08650158	2.89624252	1.29889487	1.56828608	0.00000000	6.24493912	1.70501085	1.56489138	0.60563686	1.31193133	5.63821539	1.80160669	2.44697490	1.71424173	1.21684016	6.15210569	6.62500479	2.57156845	2.69654616	5.83193108	1.81555061
3.31447589	1.05173378	1.07029876	1.33001701	0.48658844	3.28057131	5.82870518	3.19720989	4.70144045	3.56897509	2.21730799	2.64624264	2.24951362	4.36357429	2.14850266	2.83301270	3.98587086	5.72877516	2.34123803	1.75278141	3.51419142	8.49445526	1.15824764	9.13933479	7.54234977	6.02275791	6.24377608	0.00000000	4.53913712	4.67912133	6.84936820	4.93189040	2.18599731	4.44255962	3.79718421	6.54731129	5.02727017	2.21850470	0.57503409	3.67287539	3.54778047	2.50145810	7.71036142
1.22480628	4.93644090	3.46914037	3.80934090	4.05303870	2.52371504	1.73635295	1.34234272	1.30809182	1.97255311	2.93217531	5.38979890	2.29007735	0.77114617	6.51754262	2.53068285	0.55336129	1.71817841	2.19832674	3.62945321	2.70964660	3.95588352	3.38134867	4.60100392	3.00374196	1.61895133	1.70492298	4.53974133	0.00000000	0.49847303	2.31054926	1.14717783	3.93293855	0.09659151	0.74196142	2.00878465	0.48816179	4.44702359	4.91975919	0.86648769	0.99149310	4.12687917	3.17145186
1.36487714	5.07648807	3.60920070	3.94937447	4.19308643	2.97448850	1.23785402	1.72448113	0.80960976	2.47098730	3.07220877	5.52985845	2.43012750	1.26960201	6.65758454	2.67071399	0.69343550	1.21968076	2.33837865	3.76952217	3.20806185	3.81576504	3.52139846	4.46086929	2.86362589	1.34400855	1.56482336	4.67978141	0.49846611	0.00000000	2.17044735	0.64869502	4.07296149	0.48841985	0.88204143	1.86866315	0.80891644	4.58708874	5.05978890	1.02872126	1.13156453	4.26695086	3.03135602
3.53558550	7.24739545	5.77999751	6.12039622	6.36398917	4.83482377	2.08014093	3.65325620	2.14804788	3.28158173	5.24323144	7.70066179	4.60100986	2.48649927	8.82853607	4.84175619	2.86411568	2.06195690	4.50924624	5.94024648	4.29135230	1.64545697	5.69228383	2.29069694	0.69329750	1.96274547	0.60564325	6.85074849	2.31070722	2.17056843	0.00000000	1.91758110	6.24407255	2.40730567	3.05267286	2.10872140	1.82253115	6.75784512	7.23084306	3.17730707	3.30226805	6.43765226	1.42114255
1.61775310	5.32933788	3.86206504	4.20220925	4.44593685	3.62310518	0.89702130	2.37312693	0.23045961	3.11962862	3.32504342	5.78272194	2.68298060	1.91826724	6.91042855	3.17548535	1.18119583	0.79707487	2.59123368	4.02239603	3.85668224	3.56283648	3.77425116	4.20792290	2.61070000	1.09108468	1.31191562	4.93262337	1.14714268	0.64868422	1.91753709	0.00000000	4.32578453	1.13709539	1.13492750	1.61573125	1.45759514	4.83995839	5.31261942	1.67738110	1.38444113	4.51982774	2.91197523
2.70779115	3.23792003	2.98355590	0.85606314	2.40530099	1.40919921	5.22235212	2.59038380	4.09495586	2.96211731	1.00068838	4.83252540	1.64266748	3.75688530	4.33464796	1.40219738	3.37921227	5.12241212	1.73440559	3.93913747	1.95262187	7.88814181	1.92422397	8.53314723	6.93601747	5.41641134	5.63731559	2.18613086	3.93252819	4.07256639	6.24292557	4.32541169	0.00000000	3.83594337	3.19057083	5.94102142	4.42067626	4.40483101	1.61101600	3.06614836	2.94110022	4.68783541	7.10387142
1.12821216	4.83983973	3.37254312	3.71273569	3.95643770	2.48610609	1.72629759	1.24574321	1.29804148	1.98258921	2.83557006	5.29320142	2.19347707	0.78118872	6.42093989	2.43407691	0.45676816	1.70812343	2.10172698	3.53285852	2.71967707	4.05246347	3.28474828	4.69757906	3.10032262	1.60889572	1.80150854	4.44313806	0.09659123	0.48842538	2.40713414	1.13712726	3.83633018	0.00000000	0.67932179	2.10536370	0.58475245	4.35042777	4.82315283	0.76989195	0.89489915	4.03028530	3.26803855
0.48280830	4.19434834	2.72710036	3.06719400	3.31094835	3.16522955	2.03188570	1.91530112	0.90443668	2.66179512	2.19002797	4.64775578	1.54799668	1.46047465	5.77542909	2.71761874	0.72341060	1.93194170	1.45625308	2.88744765	3.39881295	4.69769128	2.63926657	5.34274719	3.74555938	2.22594752	2.44680607	3.79762040	0.74195914	0.88201899	3.05242321	1.13489486	3.19074921	0.67932043	0.00000000	2.75058034	1.23011324	3.70500279	4.17759689	1.21957929	0.54127611	3.38488450	3.91335007
3.23362540	6.94527612	5.47796665	5.81818537	6.06187355	4.53256441	0.71873252	3.35117417	1.84626042	3.73747609	4.94101986	7.39862570	4.29891054	2.53605442	8.52638141	4.53952898	2.56217813	0.81868252	4.20715874	5.63827362	4.47458245	2.22590415	5.39018211	2.59222820	1.49671170	0.52466682	1.71415562	6.54858138	2.00881251	1.86872029	2.10858964	1.61579871	5.94179024	2.10540465	2.75077432	0.00000000	2.07534836	6.45584660	6.92860628	2.87531050	3.00031183	6.13569773	3.52969133
