NAME: multi_modal_data
TYPE: MM

VEHICLES: 2
DIMENSION: 48

NUM_T: 2
NUM_D: 1

MAXIMUM_SYSTEM_DURATION: 300
UNIT: MIN

SERVICETIME: 5
UNIT: MIN

TAKEOFF_LANDING_TIME: 2
UNIT: MIN

MAX_WAITING_TIME: 99999999
UNIT: MIN

INIT_SOC: 100
MAX_SOC: 100
MIN_SOC_T: 3
MIN_SOC_D: 3
UNIT: %

DEMAND_T: 25
DEMAND_D: 0
UNIT: EA

MASS_T: 1940
MASS_D: 15
UNIT: KG

LIFT_TO_DRAG: 3
POWER_MOTOR_PROP: 0.5
UNIT: RATIO

POWER_ELEC: 0.1
UNIT: KW

CARGO_LIMIT_TRUCK: 99999999999999
UNIT: KG

CARGO_LIMIT_DRONE: 6
UNIT: KG

BATTERY_KWH_T: 100
BATTERY_KWH_D: 0.3
UNIT: KWH 

ENERGY_KWH/KM_T: 1.0
ENERGY_KWH/KM_D: 0.1
UNIT: KWH/KM

CHARGING_KW_D: 0.5
CHARGING_KW_T: 80
UNIT: KW 

LOSISTIC_KWH/KG_T: 0.001
LOSISTIC_KWH/KG_D: 0.001
UNIT: KWH/KG

SPEED_T: 0.3
SPEED_D: 1.0
UNIT: KM/MIN

ALTITUDE: 100
UNIT: M

CURVY_AIR: 1.0
UNIT: RATIO

CURVY_ROAD: 1.2
UNIT: RATIO

DEPOT_SECTION
0

EDGE_KM_D_TYPE: EUC_2D(haversine)
EDGE_KM_T_TYPE: MAN_2D(haversine)
EDGE_KM_D_FORMAT : FULL_MATRIX
EDGE_KM_T_FORMAT : FULL_MATRIX

NODE_COORD_SECTION
0	37.47252440	127.03005260
1	37.43273794	127.06665144
2	37.50672328	127.00655456
3	37.49412757	127.01442270
4	37.49140996	126.99515799
5	37.47782058	127.03492107
6	37.46985325	127.06967837
7	37.50342524	126.99580516
8	37.51198399	127.01675087
9	37.47941542	127.02336945
10	37.47364373	127.04208535
11	37.47727667	126.98529320
12	37.47985937	127.02882717
13	37.50442854	126.99572267
14	37.44537004	127.06999046
15	37.49100949	127.02342259
16	37.45855565	127.07893845
17	37.43799144	127.04665526
18	37.46675359	127.08643708
19	37.44744485	127.06162724
20	37.45067252	127.07527130
21	37.45313183	127.05004175
22	37.45813100	127.04079910
23	37.48067553	126.98414438
24	37.47915121	127.00903727
25	37.47470393	127.01292142
26	37.49338382	127.02230819
27	37.43553567	127.05496561
28	37.47883367	127.04044970
29	37.49871614	127.00673728
30	37.46238056	127.04048402
31	37.47116216	126.99043193
32	37.45174603	127.03703393
33	37.46841300	126.99868238
34	37.46592042	127.07095098
35	37.46947967	127.02443462
36	37.45695663	127.04690027
37	37.45678899	127.04898174
38	37.46028020	127.07177491
39	37.48018857	126.98647897
40	37.48453531	126.99857361
41	37.50658914	126.98979568
42	37.47843241	126.98951616
43	37.45084321	127.06175252
44	37.46314965	127.07138580
45	37.44897341	127.05540017
46	37.51125048	126.99878320
47	37.46879097	126.99212439

EDGE_KM_D
0.00000000	5.47810397	4.33117821	2.76991111	3.72698496	0.72896563	3.50960507	4.57568243	4.54194525	0.96692842	1.06914417	3.98505736	0.82275004	4.66475007	4.64150090	2.13708447	4.58562540	4.11005129	5.01729403	3.94256907	4.67257642	2.78612532	1.86040443	4.15130683	1.99554048	1.53109729	2.41803232	4.66396124	1.15498559	3.56568568	1.45595977	3.49981368	2.39120693	2.80597325	3.68336025	0.60036131	2.28201538	2.41920618	3.92591281	3.93845951	3.08216975	5.19261473	3.63699961	3.69329568	3.79388122	3.44430074	5.11408399	3.37287267
5.47810397	0.00000000	9.78824292	8.23691929	9.07639453	5.74234354	4.13568050	10.04364438	9.85088480	6.44477561	5.03899495	8.72359300	6.21297305	10.13565906	1.43522939	7.51942886	3.06889353	1.85966078	4.16617011	1.69442637	2.13450732	2.70050368	3.63062340	9.02506192	7.24554671	6.65356204	7.79696373	1.07767543	5.62325833	9.04351047	4.02499732	7.97015493	3.36220779	7.19278264	3.70919833	5.52986746	3.20821485	3.09605310	3.09578298	8.82715647	8.32349509	10.65085204	8.49557400	2.05915091	3.40736178	2.06054499	10.58721570	7.70409935
4.33117821	9.78824292	0.00000000	1.56313773	1.97742430	4.07333967	6.91570861	1.01666099	1.07287518	3.37950982	4.83290066	3.77357084	3.57549911	0.98896945	8.82489685	2.29508064	8.33547772	8.42220799	8.33251219	8.18935194	8.69560288	7.08774405	6.19073886	3.50685751	3.07369216	3.60443496	2.03260752	8.99506967	4.30812649	0.89050063	5.76839756	4.20230614	6.67868692	4.31616782	7.27111024	4.43160914	6.58003949	6.69664429	7.73222286	3.44131385	2.56569474	1.47836118	3.48651309	7.89513703	7.49655479	7.73396900	0.85047093	4.40585841
2.76991111	8.23691929	1.56313773	0.00000000	1.72629349	2.56107336	5.57294401	1.94071271	1.99613940	1.81641782	3.33850834	3.18070179	2.03284122	2.00833555	7.31047160	0.86642011	6.93237031	6.85973333	7.04595021	6.65581079	7.22381750	5.53719965	4.63020743	3.06176423	1.73176294	2.16387184	0.70059116	7.43309267	2.85756874	0.84854964	4.21312320	3.31696949	5.11766217	3.17881502	5.89225280	2.87958947	5.02967044	5.15156688	6.30703575	2.91225078	1.75871185	2.57679493	2.80627492	6.37267424	6.09355618	6.18766247	2.35127614	3.43636059
3.72698496	9.07639453	1.97742430	1.72629349	0.00000000	3.82006868	6.99893017	1.33725918	2.97691755	2.82401146	4.58786989	1.79650105	3.23651780	1.44845914	8.35613614	2.49410935	8.24666903	7.47929721	8.50844694	7.63614818	8.39674620	6.44792233	5.46951548	1.53917308	1.83242796	2.43053532	2.40538766	8.15258334	4.23390535	1.30521740	5.13980698	2.28975182	5.75405943	2.57599068	7.26391995	3.55250488	5.96040131	6.11398345	7.59567536	1.46401390	0.82168650	1.75288879	1.52649015	7.40858430	7.42444069	7.10856388	2.22922604	2.52932555
0.72896563	5.74234354	4.07333967	2.56107336	3.82006868	0.00000000	3.19263883	4.47395607	4.12317973	1.03465232	0.78447843	4.37975453	0.58357227	4.55127652	4.75405543	1.78328419	4.43621849	4.54830285	4.70987987	4.11878590	4.66855899	3.05244688	2.25000469	4.49184321	2.28883616	1.97204878	2.05750752	5.02374610	0.50069812	3.40325535	1.78566932	3.99524027	2.90535173	3.36475804	3.44399786	1.31018279	2.54950820	2.64745269	3.79245480	4.28271904	3.29303355	5.10719010	4.00723457	3.82184475	3.60794842	3.68186396	4.89719687	3.90792827
3.50960507	4.13568050	6.91570861	5.57294401	6.99893017	3.19263883	0.00000000	7.51135156	6.61457055	4.22267794	2.47130167	7.49244863	3.77277789	7.57364814	2.72255204	4.71101798	1.49869658	4.08437791	1.51865950	2.59106121	2.18918700	2.54185894	2.86281976	7.64337547	5.45035995	5.03774246	4.93126863	4.03090136	2.76590110	6.41430040	2.70727468	6.99515675	3.51508622	6.26768643	0.45150407	3.99310435	2.46944922	2.33389815	1.08043874	7.43145410	6.48347413	8.14628877	7.13814845	2.22657544	0.76048662	2.64172707	7.76617933	6.84540743
4.57568243	10.04364438	1.01666099	1.94071271	1.33725918	4.47395607	7.51135156	0.00000000	2.07828232	3.61135871	5.25737147	3.05192785	3.91849524	0.11179947	9.19409830	2.80037579	8.87155126	8.54853898	8.97650473	8.51390147	9.14232441	7.36072778	6.41320468	2.73085403	2.94080273	3.53272116	2.59099537	9.17861422	4.79499893	1.09737243	6.03090459	3.61868625	6.80134041	3.90145698	7.83296494	4.54185496	6.85759943	6.99354225	8.24332495	2.71165471	2.11461932	0.63622301	2.83392909	8.24935742	8.03317431	8.01979029	0.90891580	3.86482995
4.54194525	9.85088480	1.07287518	1.99613940	2.97691755	4.12317973	6.61457055	2.07828232	0.00000000	3.66823512	4.81364348	4.75356337	3.72759459	2.03623474	8.77136033	2.40537576	8.08722327	8.64046435	7.94339021	8.19648069	8.55239429	7.17313134	6.35301488	4.51603099	3.71372493	4.15910445	2.12555265	9.14518569	4.23780990	1.71953442	5.89978211	5.09863624	6.93315189	5.10041156	7.00739530	4.77464315	6.67205087	6.76429009	7.52489069	4.43080353	3.44777310	2.45211883	4.43753334	7.87326901	7.26112394	7.79240063	1.58690451	5.27145561
0.96692842	6.44477561	3.37950982	1.81641782	2.82401146	1.03465232	4.22267794	3.61135871	3.66823512	0.00000000	1.77189165	3.36835141	0.48411817	3.69938140	5.59135428	1.28921125	5.42502903	5.04390478	5.74096210	4.90301083	5.58554298	3.75273309	2.82268417	3.46407674	1.26503356	1.06042724	1.55603726	5.62002790	1.50857761	2.59987611	2.42264954	3.04804798	3.30461927	2.49858990	4.45910731	1.10879838	3.24795953	3.38222134	4.77247172	3.25638153	2.26079631	4.23128036	2.98927646	4.64433723	4.60734140	4.41023981	4.15159250	2.99973025
1.06914417	5.03899495	4.83290066	3.33850834	4.58786989	0.78447843	2.47130167	5.25737147	4.81364348	1.77189165	0.00000000	5.02793215	1.35885752	5.33390655	3.99382562	2.53782048	3.65975373	3.98482887	3.98841576	3.38551697	3.88634726	2.38647984	1.72867094	5.17238153	2.97992968	2.57634141	2.80415508	4.38730680	0.59487193	4.18329212	1.26035811	4.56673660	2.47539743	3.87427163	2.68833234	1.62504712	1.90356415	1.97052284	3.01230038	4.96061606	4.02602484	5.89102352	4.66944240	3.07261641	2.83698210	2.98435028	5.66407292	4.44199996
3.98505736	8.72359300	3.77357084	3.18070179	1.79650105	4.37975453	7.49244863	3.05192785	4.75356337	3.36835141	5.02793215	0.00000000	3.85225675	3.15626475	8.27477974	3.69470022	8.52278405	6.95830178	9.00232037	7.50968733	8.47451839	6.31383659	5.34128284	0.39129655	2.10558350	2.45478836	3.72485144	7.70477210	4.87024832	3.04353144	5.14466995	0.81725908	5.37707128	1.53868038	7.66408832	3.56131265	5.88797443	6.06500452	7.86285503	0.34027596	1.42291999	3.28352076	0.39418500	7.36058881	7.75854571	6.94205431	3.96075788	1.11970613
0.82275004	6.21297305	3.57549911	2.03284122	3.23651780	0.58357227	3.77277789	3.91849524	3.72759459	0.48411817	1.35885752	3.85225675	0.00000000	3.99925938	5.28271842	1.32838360	5.01696584	4.91426306	5.28873025	4.62297124	5.22830610	3.51257974	2.63700826	3.94386659	1.74805873	1.51613731	1.61009771	5.44186233	1.03191107	2.86269421	2.19902314	3.52353663	3.20887824	2.94900770	4.02756428	1.21752478	3.00493881	3.12165107	4.37100724	3.73700847	2.71967719	4.54886183	3.47249346	4.34216458	4.19029128	4.15876626	4.38283470	3.46487522
4.66475007	10.13565906	0.98896945	2.00833555	1.44845914	4.55127652	7.57364814	0.11179947	2.03623474	3.69938140	5.33390655	3.15626475	3.99925938	0.00000000	9.27787974	2.86321932	8.94070584	8.64745765	9.03413116	8.60069912	9.21980697	7.45050200	6.50561663	2.83187267	3.04631619	3.63691578	2.64742203	9.27466862	4.86536387	1.16085449	6.12044324	3.72839704	6.89968840	4.01325646	7.89900491	4.63894749	6.94675732	7.08146953	8.31458559	2.81604248	2.22628266	0.57538043	2.94204929	8.33386139	8.10185950	8.10905044	0.80517190	3.97542075
4.64150090	1.43522939	8.82489685	7.31047160	8.35613614	4.75405543	2.72255204	9.19409830	8.77136033	5.59135428	3.99382562	8.27477974	5.28271842	9.27787974	0.00000000	6.53032169	1.66540368	2.21753293	2.78588991	0.77351382	0.75164345	1.96113563	2.94168711	8.53347799	6.56142465	6.00101091	6.79794167	1.71913554	4.54355431	8.14532312	3.21893397	7.58540413	2.99446757	6.79575738	2.28667347	4.83282913	2.41132317	2.24756202	1.66540261	8.32576656	7.66129317	9.81937683	7.99786081	0.94828587	1.98083849	1.34890411	9.65125204	7.34991421
2.13708447	7.51942886	2.29508064	0.86642011	2.49410935	1.78328419	4.71101798	2.80037579	2.40537576	1.28921125	2.53782048	3.69470022	1.32838360	2.86321932	6.53032169	0.00000000	6.08472671	6.24176340	6.18012381	5.90205868	6.40740954	4.82263392	3.96449111	3.65119346	1.83022899	2.03614832	0.28172748	6.76756984	2.02241884	1.70329607	3.52147353	3.65306344	4.52813616	3.32853931	5.03713075	2.39567454	4.31627524	4.42341798	5.46642829	3.47466617	2.30762589	3.43530807	3.30246942	5.60269615	5.24505737	5.46007627	3.12891229	3.70556646
4.58562540	3.06889353	8.33547772	6.93237031	8.24666903	4.43621849	1.49869658	8.87155126	8.08722327	5.42502903	3.65975373	8.52278405	5.01696584	8.94070584	1.66540368	6.08472671	0.00000000	3.65385224	1.12649449	1.96506472	0.93442457	2.62101841	3.36674574	8.71992918	6.58040777	6.09683845	6.32230641	3.32127738	4.07705024	7.78036560	3.42067280	7.93623133	3.77561621	7.16771217	1.08057635	4.96147229	2.83349402	2.65147526	0.66072868	8.50701507	7.65801302	9.50773915	8.19554352	1.74263389	0.83984008	2.33503333	9.18436975	7.74626396
4.11005129	1.85966078	8.42220799	6.85973333	7.47929721	4.54830285	4.08437791	8.54853898	8.64046435	5.04390478	3.98482887	6.95830178	4.91426306	8.64745765	2.21753293	6.24176340	3.65385224	0.00000000	4.74977603	1.68881826	2.89318328	1.70987521	2.29831674	7.27805250	5.65435532	5.05282739	6.52342780	0.78290098	4.57436674	7.61606541	2.76612464	6.18340547	1.74947422	5.41989881	3.77414340	4.01330891	2.10894619	2.10026131	3.32561617	7.08715116	6.69292646	9.13022153	6.75707136	1.95412880	3.54848515	1.44472136	9.17632639	5.90755566
5.01729403	4.16617011	8.33251219	7.04595021	8.50844694	4.70987987	1.51865950	8.97650473	7.94339021	5.74096210	3.98841576	9.00232037	5.28873025	9.03413116	2.78588991	6.18012381	1.12649449	4.74977603	0.00000000	3.06683240	2.04175191	3.55159195	4.14060637	9.15890444	6.96817588	6.54782401	6.38670968	4.44610098	4.27486592	7.87956479	4.08480943	8.48697420	4.66898179	7.74701248	1.36988920	5.48039490	3.65568602	3.48663078	1.48080417	8.94674072	8.00171575	9.60881025	8.65123175	2.80661308	1.38753195	3.37843363	9.18102242	8.32665358
3.94256907	1.69442637	8.18935194	6.65581079	7.63614818	4.11878590	2.59106121	8.51390147	8.19648069	4.90301083	3.38551697	7.50968733	4.62297124	8.60069912	0.77351382	5.90205868	1.96506472	1.68881826	3.06683240	0.00000000	1.25679370	1.20242906	2.18911479	7.77303247	5.82875025	5.26005031	6.17530265	1.44896987	3.95926261	7.48109445	2.49826358	6.81501688	2.22306834	6.02532495	2.21310654	4.09638616	1.67590325	1.52499592	1.68503628	7.56619872	6.92662648	9.13402216	7.23743466	0.37804331	1.94718736	0.57539170	9.00495204	6.57794014
4.67257642	2.13450732	8.69560288	7.22381750	8.39674620	4.66855899	2.18918700	9.14232441	8.55239429	5.58554298	3.88634726	8.47451839	5.22830610	9.21980697	0.75164345	6.40740954	0.93442457	2.89318328	2.04175191	1.25679370	0.00000000	2.24383415	3.15388493	8.70713130	6.64832813	6.11753563	6.66347909	2.45899227	4.38756813	8.06947860	3.33519936	7.82712185	3.37749810	7.04204131	1.73784564	4.95045911	2.60001057	2.41823312	1.11201182	8.49613617	7.74577647	9.77493700	8.17389496	1.19352262	1.42915710	1.76429414	9.53550846	7.61043628
2.78612532	2.70050368	7.08774405	5.53719965	6.44792233	3.05244688	2.54185894	7.36072778	7.17313134	3.75273309	2.38647984	6.31383659	3.51257974	7.45050200	1.96113563	4.82263392	2.62101841	1.70987521	3.55159195	1.20242906	2.24383415	0.00000000	0.98722099	6.57299837	4.63329602	4.06047622	5.10127408	2.00431181	2.98066669	6.34787296	1.33016786	5.63031524	1.15853400	4.84114420	2.32985343	2.90046418	0.50771405	0.41728463	2.07650113	6.36565792	5.72936041	7.97464441	6.03736812	1.06461612	2.18864420	0.66147646	7.88803561	5.40037303
1.86040443	3.63062340	6.19073886	4.63020743	5.46951548	2.25000469	2.86281976	6.41320468	6.35301488	2.82268417	1.72867094	5.34128284	2.63700826	6.50561663	2.94168711	3.96449111	3.36674574	2.29831674	4.14060637	2.18911479	3.15388493	0.98722099	0.00000000	5.59319353	3.64974033	3.07401007	4.24600015	2.80653621	2.30224168	5.42219513	0.47334754	4.67554054	0.78391632	3.88908771	2.79866270	1.91794379	0.55413876	0.73751309	2.74450896	5.38493561	4.74411145	7.02052233	5.05768070	2.01931083	2.75676147	1.64257684	6.97367239	4.45656311
4.15130683	9.02506192	3.50685751	3.06176423	1.53917308	4.49184321	7.64337547	2.73085403	4.51603099	3.46407674	5.17238153	0.39129655	3.94386659	2.83187267	8.53347799	3.65119346	8.71992918	7.27805250	9.15890444	7.77303247	8.70713130	6.57299837	5.59319353	0.00000000	2.20309604	2.62476220	3.65177147	8.01688328	4.97265195	2.82800271	5.37208383	1.19452166	5.66894198	1.87220379	7.83428229	3.76712095	6.13436284	6.30854131	8.05922365	0.21300231	1.34359251	2.92428366	0.53563025	7.61048223	7.94187973	7.20951579	3.63681259	1.49742699
1.99554048	7.24554671	3.07369216	1.73176294	1.83242796	2.28883616	5.45035995	2.94080273	3.71372493	1.26503356	2.97992968	2.10558350	1.74805873	3.04631619	6.56142465	1.83022899	6.58040777	5.65435532	6.96817588	5.82875025	6.64832813	4.63329602	3.64974033	2.20309604	0.00000000	0.60168674	1.96868037	6.32104375	2.77211488	2.18496675	3.34356104	1.86677153	3.92321706	1.50357873	5.65845233	1.73286326	4.15414124	4.31401318	5.92105979	1.99390573	1.10040955	3.49144804	1.72443525	5.61733019	5.78285927	5.29191544	3.68213723	1.88540408
1.53109729	6.65356204	3.60443496	2.16387184	2.43053532	1.97204878	5.03774246	3.53272116	4.15910445	1.06042724	2.57634141	2.45478836	1.51613731	3.63691578	6.00101091	2.03614832	6.09683845	5.05282739	6.54782401	5.26005031	6.11753563	4.06047622	3.07401007	2.62476220	0.60168674	0.00000000	2.23615574	5.72207089	2.47223929	2.72522212	2.79192387	2.02337180	3.32354695	1.43818689	5.21352871	1.17038172	3.58993821	3.75461862	5.43611829	2.41176012	1.67272651	4.09064845	2.10658906	5.06107688	5.31724793	4.71623708	4.25091965	1.94956149
2.41803232	7.79696373	2.03260752	0.70059116	2.40538766	2.05750752	4.93126863	2.59099537	2.12555265	1.55603726	2.80415508	3.72485144	1.61009771	2.64742203	6.79794167	0.28172748	6.32230641	6.52342780	6.38670968	6.17530265	6.66347909	5.10127408	4.24600015	3.65177147	1.96868037	2.23615574	0.00000000	7.04867874	2.27592137	1.49619178	3.80225072	3.74390180	4.80883909	3.47214511	5.26777165	2.66463855	4.59525304	4.70092443	5.70999778	3.48520666	2.31373021	3.22217654	3.33699182	5.87306390	5.48248202	5.73713803	2.87289582	3.81729659
4.66396124	1.07767543	8.99506967	7.43309267	8.15258334	5.02374610	4.03090136	9.17861422	9.14518569	5.62002790	4.38730680	7.70477210	5.44186233	9.27466862	1.71913554	6.76756984	3.32127738	0.78290098	4.44610098	1.44896987	2.45899227	2.00431181	2.80653621	8.01688328	6.32104375	5.72207089	7.04867874	0.00000000	4.98210186	8.21418524	3.24725062	6.93857074	2.39899350	6.16839872	3.66147641	4.63783520	2.48604796	2.42158672	3.12610740	7.82279872	7.37975703	9.77242515	7.49177127	1.80450481	3.39548599	1.49470348	9.77053348	6.66674455
1.15498559	5.62325833	4.30812649	2.85756874	4.23390535	0.50069812	2.76590110	4.79499893	4.23780990	1.50857761	0.59487193	4.87024832	1.03191107	4.86536387	4.54355431	2.02241884	4.07705024	4.57436674	4.27486592	3.95926261	4.38756813	2.98066669	2.30224168	4.97265195	2.77211488	2.47223929	2.27592137	4.98210186	0.00000000	3.70609809	1.82950780	4.49556806	3.02706104	3.86373155	3.05076550	1.75477606	2.49834626	2.56430779	3.44947592	4.76482379	3.74908404	5.43110222	4.49471035	3.63621032	3.23962968	3.57290133	5.14835685	4.40838978
3.56568568	9.04351047	0.89050063	0.84854964	1.30521740	3.40325535	6.41430040	1.09737243	1.71953442	2.59987611	4.18329212	3.04353144	2.86269421	1.16085449	8.14532312	1.70329607	7.78036560	7.61606541	7.87956479	7.48109445	8.06947860	6.34787296	5.42219513	2.82800271	2.18496675	2.72522212	1.49619178	8.21418524	3.70609809	0.00000000	5.01913193	3.38483929	5.86737190	3.44370102	6.73817841	3.60653332	5.84143436	5.96921338	7.15557180	2.72746130	1.73354685	1.73201559	2.71950649	7.20465385	6.94136240	7.00252926	1.56040217	3.56861059
1.45595977	4.02499732	5.76839756	4.21312320	5.13980698	1.78566932	2.70727468	6.03090459	5.89978211	2.42264954	1.26035811	5.14466995	2.19902314	6.12044324	3.21893397	3.52147353	3.42067280	2.76612464	4.08480943	2.49826358	3.33519936	1.33016786	0.47334754	5.37208383	3.34356104	2.79192387	3.80225072	3.24725062	1.82950780	5.01913193	0.00000000	4.52404654	1.22109003	3.74980611	2.71764953	1.62158407	0.82732958	0.97424407	2.77167405	5.16098306	4.44386242	6.64591139	4.83920837	2.27380762	2.72876106	1.98898129	6.56255644	4.32721910
3.49981368	7.97015493	4.20230614	3.31696949	2.28975182	3.99524027	6.99515675	3.61868625	5.09863624	3.04804798	4.56673660	0.81725908	3.52353663	3.72839704	7.58540413	3.65306344	7.93623133	6.18340547	8.48697420	6.81501688	7.82712185	5.63031524	4.67554054	1.19452166	1.86677153	2.02337180	3.74390180	6.93857074	4.49556806	3.38483929	4.52404654	0.00000000	4.64539312	0.78969203	7.13000309	3.00663295	5.22819168	5.40908444	7.28038394	1.06258263	1.65149132	3.93970688	0.81244621	6.68815480	7.19998393	6.24262905	4.51810836	0.30303216
2.39120693	3.36220779	6.67868692	5.11766217	5.75405943	2.90535173	3.51508622	6.80134041	6.93315189	3.30461927	2.47539743	5.37707128	3.20887824	6.89968840	2.99446757	4.52813616	3.77561621	1.74947422	4.66898179	2.22306834	3.37749810	1.15853400	0.78391632	5.66894198	3.92321706	3.32354695	4.80883909	2.39899350	3.02706104	5.86737190	1.22109003	4.64539312	0.00000000	3.85918866	3.38326042	2.26385508	1.04603082	1.19445331	3.21002178	5.46904733	4.98142991	7.38677516	5.13747682	2.18432918	3.28660742	1.65034302	7.42774431	4.39370555
2.80597325	7.19278264	4.31616782	3.17881502	2.57599068	3.36475804	6.26768643	3.90145698	5.10041156	2.49858990	3.87427163	1.53868038	2.94900770	4.01325646	6.79575738	3.32853931	7.16771217	5.41989881	7.74701248	6.02532495	7.04204131	4.84114420	3.88908771	1.87220379	1.50357873	1.43818689	3.47214511	6.16839872	3.86373155	3.44370102	3.74980611	0.78969203	3.85918866	0.00000000	6.38413962	2.27582195	4.44233157	4.62380969	6.51415681	1.69535914	1.79274776	4.31680633	1.37679552	5.89973076	6.44324970	5.45296991	4.76332498	0.58029358
3.68336025	3.70919833	7.27111024	5.89225280	7.26391995	3.44399786	0.45150407	7.83296494	7.00739530	4.45910731	2.68833234	7.66408832	4.02756428	7.89900491	2.28667347	5.03713075	1.08057635	3.77414340	1.36988920	2.21310654	1.73784564	2.32985343	2.79866270	7.83428229	5.65845233	5.21352871	5.26777165	3.66147641	3.05076550	6.73817841	2.71764953	7.13000309	3.38326042	6.38413962	0.00000000	4.12434102	2.34513309	2.18882159	0.63136637	7.62151660	6.71405946	8.46900544	7.32004152	1.86276448	0.31047650	2.33134297	8.12097136	6.96420208
0.60036131	5.52986746	4.43160914	2.87958947	3.55250488	1.31018279	3.99310435	4.54185496	4.77464315	1.10879838	1.62504712	3.56131265	1.21752478	4.63894749	4.83282913	2.39567454	4.96147229	4.01330891	5.48039490	4.09638616	4.95045911	2.90046418	1.91794379	3.76712095	1.73286326	1.17038172	2.66463855	4.63783520	1.75477606	3.60653332	1.62158407	3.00663295	2.26385508	2.27582195	4.12434102	0.00000000	2.42294590	2.58557973	4.30158070	3.55483285	2.83029273	5.13494469	3.23828819	3.89148607	4.20311459	3.55943183	5.16675013	2.85251699
2.28201538	3.20821485	6.58003949	5.02967044	5.96040131	2.54950820	2.46944922	6.85759943	6.67205087	3.24795953	1.90356415	5.88797443	3.00493881	6.94675732	2.41132317	4.31627524	2.83349402	2.10894619	3.65568602	1.67590325	2.60001057	0.50771405	0.55413876	6.13436284	4.15414124	3.58993821	4.59525304	2.48604796	2.49834626	5.84143436	0.82732958	5.22819168	1.04603082	4.44233157	2.34513309	2.42294590	0.00000000	0.18466999	2.22646669	5.92520933	5.25295304	7.47314634	5.59920811	1.47678741	2.26825438	1.16230898	7.38060991	5.01045556
2.41920618	3.09605310	6.69664429	5.15156688	6.11398345	2.64745269	2.33389815	6.99354225	6.76429009	3.38222134	1.97052284	6.06500452	3.12165107	7.08146953	2.24756202	4.42341798	2.65147526	2.10026131	3.48663078	1.52499592	2.41823312	0.41728463	0.73751309	6.30854131	4.31401318	3.75461862	4.70092443	2.42158672	2.56430779	5.96921338	0.97424407	5.40908444	1.19445331	4.62380969	2.18882159	2.58557973	0.18466999	0.00000000	2.04897198	6.09899040	5.41376363	7.61174874	5.77364611	1.30686867	2.10015567	1.03742895	7.50280621	5.19270762
3.92591281	3.09578298	7.73222286	6.30703575	7.59567536	3.79245480	1.08043874	8.24332495	7.52489069	4.77247172	3.01230038	7.86285503	4.37100724	8.31458559	1.66540261	5.46642829	0.66072868	3.32561617	1.48080417	1.68503628	1.11201182	2.07650113	2.74450896	8.05922365	5.92105979	5.43611829	5.70999778	3.12610740	3.44947592	7.15557180	2.77167405	7.28038394	3.21002178	6.51415681	0.63136637	4.30158070	2.22646669	2.04897198	0.00000000	7.84630567	7.00039010	8.87919007	7.53497275	1.37250514	0.32091187	1.91569956	8.57905034	7.09327744
3.93845951	8.82715647	3.44131385	2.91225078	1.46401390	4.28271904	7.43145410	2.71165471	4.43080353	3.25638153	4.96061606	0.34027596	3.73700847	2.81604248	8.32576656	3.47466617	8.50701507	7.08715116	8.94674072	7.56619872	8.49613617	6.36565792	5.38493561	0.21300231	1.99390573	2.41176012	3.48520666	7.82279872	4.76482379	2.72746130	5.16098306	1.06258263	5.46904733	1.69535914	7.62151660	3.55483285	5.92520933	6.09899040	7.84630567	0.00000000	1.17155447	2.95016211	0.33160176	7.40157164	7.72888744	7.00352411	3.62049220	1.36175932
3.08216975	8.32349509	2.56569474	1.75871185	0.82168650	3.29303355	6.48347413	2.11461932	3.44777310	2.26079631	4.02602484	1.42291999	2.71967719	2.22628266	7.66129317	2.30762589	7.65801302	6.69292646	8.00171575	6.92662648	7.74577647	5.72936041	4.74411145	1.34359251	1.10040955	1.67272651	2.31373021	7.37975703	3.74908404	1.73354685	4.44386242	1.65149132	4.98142991	1.79274776	6.71405946	2.83029273	5.25295304	5.41376363	7.00039010	1.17155447	0.00000000	2.57164793	1.04845857	6.71756985	6.85143176	6.38668764	2.97065215	1.84087306
5.19261473	10.65085204	1.47836118	2.57679493	1.75288879	5.10719010	8.14628877	0.63622301	2.45211883	4.23128036	5.89102352	3.28352076	4.54886183	0.57538043	9.81937683	3.43530807	9.50773915	9.13022153	9.60881025	9.13402216	9.77493700	7.97464441	7.02052233	2.92428366	3.49144804	4.09064845	3.22217654	9.77242515	5.43110222	1.73201559	6.64591139	3.93970688	7.38677516	4.31680633	8.46900544	5.13494469	7.47314634	7.61174874	8.87919007	2.95016211	2.57164793	0.00000000	3.13098703	8.87362843	8.66938993	8.63473329	0.94716273	4.20799053
3.63699961	8.49557400	3.48651309	2.80627492	1.52649015	4.00723457	7.13814845	2.83392909	4.43753334	2.98927646	4.66944240	0.39418500	3.47249346	2.94204929	7.99786081	3.30246942	8.19554352	6.75707136	8.65123175	7.23743466	8.17389496	6.03736812	5.05768070	0.53563025	1.72443525	2.10658906	3.33699182	7.49177127	4.49471035	2.71950649	4.83920837	0.81244621	5.13747682	1.37679552	7.32004152	3.23828819	5.59920811	5.77364611	7.53497275	0.33160176	1.04845857	3.13098703	0.00000000	7.07518027	7.42227484	6.67408345	3.73966949	1.09651145
3.69329568	2.05915091	7.89513703	6.37267424	7.40858430	3.82184475	2.22657544	8.24935742	7.87326901	4.64433723	3.07261641	7.36058881	4.34216458	8.33386139	0.94828587	5.60269615	1.74263389	1.95412880	2.80661308	0.37804331	1.19352262	1.06461612	2.01931083	7.61048223	5.61733019	5.06107688	5.87306390	1.80450481	3.63621032	7.20465385	2.27380762	6.68815480	2.18432918	5.89973076	1.86276448	3.89148607	1.47678741	1.30686867	1.37250514	7.40157164	6.71756985	8.87362843	7.07518027	0.00000000	1.61108175	0.59806457	8.71729560	6.46160265
3.79388122	3.40736178	7.49655479	6.09355618	7.42444069	3.60794842	0.76048662	8.03317431	7.26112394	4.60734140	2.83698210	7.75854571	4.19029128	8.10185950	1.98083849	5.24505737	0.83984008	3.54848515	1.38753195	1.94718736	1.42915710	2.18864420	2.75676147	7.94187973	5.78285927	5.31724793	5.48248202	3.39548599	3.23962968	6.94136240	2.72876106	7.19998393	3.28660742	6.44324970	0.31047650	4.20311459	2.26825438	2.10015567	0.32091187	7.72888744	6.85143176	8.66938993	7.42227484	1.61108175	0.00000000	2.11561511	8.34521115	7.02345659
3.44430074	2.06054499	7.73396900	6.18766247	7.10856388	3.68186396	2.64172707	8.01979029	7.79240063	4.41023981	2.98435028	6.94205431	4.15876626	8.10905044	1.34890411	5.46007627	2.33503333	1.44472136	3.37843363	0.57539170	1.76429414	0.66147646	1.64257684	7.20951579	5.29191544	4.71623708	5.73713803	1.49470348	3.57290133	7.00252926	1.98898129	6.24262905	1.65034302	5.45296991	2.33134297	3.55943183	1.16230898	1.03742895	1.91569956	7.00352411	6.38668764	8.63473329	6.67408345	0.59806457	2.11561511	0.00000000	8.53893303	6.00407634
5.11408399	10.58721570	0.85047093	2.35127614	2.22922604	4.89719687	7.76617933	0.90891580	1.58690451	4.15159250	5.66407292	3.96075788	4.38283470	0.80517190	9.65125204	3.12891229	9.18436975	9.17632639	9.18102242	9.00495204	9.53550846	7.88803561	6.97367239	3.63681259	3.68213723	4.25091965	2.87289582	9.77053348	5.14835685	1.56040217	6.56255644	4.51810836	7.42774431	4.76332498	8.12097136	5.16675013	7.38060991	7.50280621	8.57905034	3.62049220	2.97065215	0.94716273	3.73966949	8.71729560	8.34521115	8.53893303	0.00000000	4.75770117
3.37287267	7.70409935	4.40585841	3.43636059	2.52932555	3.90792827	6.84540743	3.86482995	5.27145561	2.99973025	4.44199996	1.11970613	3.46487522	3.97542075	7.34991421	3.70556646	7.74626396	5.90755566	8.32665358	6.57794014	7.61043628	5.40037303	4.45656311	1.49742699	1.88540408	1.94956149	3.81729659	6.66674455	4.40838978	3.56861059	4.32721910	0.30303216	4.39370555	0.58029358	6.96420208	2.85251699	5.01045556	5.19270762	7.09327744	1.36175932	1.84087306	4.20799053	1.09651145	6.46160265	7.02345659	6.00407634	4.75770117	0.00000000

EDGE_KM_T
0.00000000	7.65388488	5.87643642	3.78149723	5.17941181	1.01854850	3.79397030	6.45833905	5.56158300	1.35603318	1.18634698	4.47842086	0.92375664	6.57718133	6.54392464	2.64054581	5.86740448	5.30506974	5.61758389	5.57516700	6.42034545	3.92038937	2.54884779	4.95774070	2.59146106	1.75417015	3.00290556	6.31152393	1.61909819	4.96995621	2.04851210	3.64797701	2.92655036	3.22557158	4.34358929	0.83434257	3.21785700	3.42018530	5.04346470	4.69756616	4.11355839	7.34048314	4.23426037	5.20834152	4.69005720	4.85566228	7.06565641	3.76228268
7.65560336	0.00000000	13.53314305	11.43783445	12.83665352	7.81464468	4.39430698	14.11555037	13.21781090	9.01195033	6.71762004	12.13612571	8.57941754	14.23439652	1.69945062	10.29646046	3.95570171	2.34975407	5.52937452	2.07895380	2.75534017	3.73427543	5.10625099	12.61549948	10.24805113	9.41057785	10.65887254	1.34290967	7.43913690	12.62665427	5.60660147	11.00249121	4.72872520	9.96831327	4.06936260	7.81309258	4.43695530	4.23452927	3.51494773	12.35521534	11.77063974	14.99797660	11.89176696	2.44577339	3.79965970	2.79875091	14.72272791	10.58938856
5.87548723	13.52789367	0.00000000	2.09462136	2.70804614	5.71602067	9.66785681	1.31491984	1.48437287	4.51972402	6.81241951	5.14976214	4.95178009	1.21063397	12.41779854	3.23520924	11.74091691	11.17988630	11.49079338	11.44937875	12.29400602	9.79506913	8.42390092	4.87316190	3.28487507	4.12200909	2.87289451	12.18600479	6.09104553	0.90647282	7.92357795	5.37638348	8.80175559	4.95431130	10.21742439	5.71848873	9.09266366	9.29490788	10.91726651	4.72137750	3.17118413	1.49319945	4.64874523	11.08254821	10.56387473	10.73012558	1.18890608	5.49075750
3.78109846	11.43404956	2.09473845	0.00000000	2.00179342	3.62170435	7.57405775	2.67636684	2.19094691	2.42523579	4.71820981	4.44365622	2.85737308	2.79520702	10.32400412	1.14072181	9.64725566	9.08574460	9.39724373	9.35545987	10.20029019	7.70097783	6.32967207	4.16707308	2.14042102	2.29226158	0.77839049	10.09198677	3.99681148	1.18826291	5.82934442	4.67020109	6.70747071	4.24800614	8.12364427	3.62401636	6.99852561	7.20080081	8.82349865	4.01525394	2.46488059	3.55835762	3.94257647	8.98863119	8.47010108	8.63611403	3.28376018	4.78454993
5.17863356	12.83170207	2.70825232	2.00185526	0.00000000	5.01925507	8.97171997	1.39313801	4.19280965	3.82274944	6.11578351	2.44189447	4.25490425	1.49742238	11.72166734	2.53823563	11.04494757	10.48333297	10.79495969	10.75309626	11.59797035	9.09857707	7.72724165	2.16531502	2.58764122	3.42484550	2.61486880	11.48960180	5.39437994	1.83401898	7.22691299	2.66842284	8.10502821	2.86809618	9.52131057	5.02153343	8.39611477	8.59839664	10.22116759	2.01348838	1.06577725	2.16095174	1.94080117	10.38626799	9.86776877	10.03373045	2.52601032	2.78276625
1.01851805	7.81295636	5.71698912	3.62209914	5.01989324	0.00000000	3.95302286	6.29882452	5.40219946	1.19669104	1.09664344	4.43980138	0.76444863	6.41766629	6.70297524	2.48120400	6.02639914	5.46426626	5.77653165	5.73426990	6.57936303	4.07956472	2.70808094	4.79815325	2.43202929	2.28787466	2.84355678	6.47066849	0.60051512	4.81051006	2.20774721	4.66624729	3.08580705	4.24389345	4.50263389	1.85282550	3.37705199	3.57936727	5.20250414	4.53799331	3.95406118	7.18093103	4.07470652	5.36744364	4.84909908	5.01480412	6.90616051	4.78056354
3.79409527	4.39417440	9.67060572	7.57564175	8.97361701	3.95334983	0.00000000	10.25254220	9.35572018	5.15014951	2.85663900	8.27265711	4.71785578	10.37138474	2.74995532	6.43466197	2.07346341	5.57472558	1.82366648	3.20223713	2.62639280	3.59232295	3.85212667	8.75198056	6.38562255	5.54831940	6.79702523	5.11438572	3.57808421	8.76412494	3.40740362	7.13924768	4.89438921	6.42572830	0.54962301	4.03441818	3.44426702	3.27921196	1.24950101	8.49179867	7.90775283	11.13470521	8.02848333	2.81329920	0.89609228	3.58182393	10.85985019	6.96246005
6.45708911	14.10963812	1.31496173	2.67616234	1.39312882	6.29764151	10.24961305	0.00000000	2.79937433	5.10129985	7.39406826	3.83488327	5.53337719	0.11883927	12.99955599	3.81678529	12.32270922	11.76155286	12.07261489	12.03110363	12.87578404	10.37674888	9.00554466	3.55828751	3.86639506	4.70354422	3.45446621	12.76770372	6.67268791	1.48798385	8.50522047	4.06148458	9.38338466	4.14699701	10.79918559	6.30006872	9.67433117	9.87658350	11.49903092	3.40649401	2.34467962	0.88192477	3.33384990	11.66427358	11.14563762	11.31182620	1.13283005	4.17585201
5.56096299	13.21314195	1.48430948	2.19089779	4.19228477	5.40146617	9.35308628	2.79916250	0.00000000	4.20524132	6.49782047	6.63393945	4.63726347	2.69487612	12.10302606	2.92072622	11.42608882	10.86525886	11.17591869	11.13465825	11.97920072	9.48042064	8.10930988	6.35733206	4.33120519	4.48312769	2.55841841	11.87132569	5.77645666	2.35854727	7.60898887	6.86059273	8.48718795	6.43857184	9.90264595	5.40399942	8.77803470	8.98026598	10.60248295	6.20556218	4.65544400	2.97740475	6.13294879	10.76782693	10.24909358	10.41544379	1.66636257	6.97497728
1.35597880	9.00956587	4.52026642	2.42539125	3.82314909	1.19666928	5.14962666	5.10208159	4.20549596	0.00000000	2.29329923	3.59771678	0.53096041	5.22092320	7.89957846	1.29389239	7.22298549	6.66091344	6.97310387	6.93088887	7.77595629	5.27620552	3.90473915	3.60138836	1.29406901	1.44584208	1.64686374	7.66730001	1.57187249	3.61378770	3.40440602	3.82417236	4.28247236	3.40183405	5.69923530	1.19879908	4.57369871	4.77601007	6.39910399	3.34123282	2.75732346	5.98417678	3.09656366	6.56406238	6.04569966	6.21143482	5.70942318	3.93849180
1.18633108	6.71643409	6.81380779	4.71887901	6.11676811	1.09667878	2.85651551	7.39569620	6.49896785	2.29342678	0.00000000	5.41576411	1.86115746	7.51453837	5.60646943	3.57793948	4.92993746	4.36764536	4.68010697	4.63772284	5.48288327	2.98296052	1.83844792	5.89508242	3.52883572	2.69154994	3.94029776	5.37408857	0.72143789	5.90732783	1.39372346	4.83425570	2.88069362	4.41186117	3.40613282	2.02066622	2.28043229	2.48275784	4.10600714	5.63491098	5.05091921	8.27783234	5.17160921	4.27089720	3.75260015	3.91822635	8.00301750	4.94856360
4.47816970	12.13184905	5.15050167	4.44423595	2.44205913	4.43983325	8.27191747	3.83520794	6.63522919	3.59781295	5.41552049	0.00000000	4.12878713	3.93949094	11.02187005	4.89170547	10.34529962	9.78314622	10.09543688	10.05315939	10.89826119	8.39844684	7.02695716	0.47931339	2.30370776	2.72409571	5.05738110	10.78955374	5.04035190	4.27627138	6.52662323	1.13336442	7.40468087	2.16710872	8.82152931	4.32097580	7.69593211	7.89824872	9.52140008	0.42842588	1.97903995	3.65671930	0.50116380	9.68633321	9.16799477	9.33368965	4.96812997	1.54637812
0.92374603	8.57731392	4.95248687	2.85761583	4.25536356	0.76443396	4.71737313	5.53429640	4.63772176	0.53095755	1.86106015	4.12865436	0.00000000	5.65313797	7.46732476	1.71674236	6.79072710	6.22867197	6.54084156	6.49863956	7.34369983	4.84396227	3.47250074	4.03359706	1.82501904	1.97679414	2.07909245	7.23505418	1.13963427	4.04600825	2.97216778	4.35511263	3.85023593	3.93277865	5.26698110	1.54177269	4.14145711	4.34376738	5.96684936	3.77344274	3.18953972	6.41638844	3.62750345	6.13181299	5.61344523	5.77918877	6.14163956	4.46943296
6.57588768	14.22839330	1.21066334	2.79497944	1.49741370	6.41643431	10.36836465	0.11883917	2.69506385	5.22010635	7.51285257	3.93915645	5.65217722	0.00000000	13.11830722	3.93559172	12.44144983	11.88033175	12.19134662	12.14986477	12.99452901	10.49552376	9.12433049	3.66255933	3.98521855	4.82236310	3.57327396	12.88647276	6.79147416	1.60681006	8.62400667	4.16576385	9.50217496	4.26583277	10.91793568	6.41887395	9.79310977	9.99535963	11.61778003	3.51076860	2.46351551	0.76307847	3.43812809	11.78303457	11.26438719	11.43059473	1.02854087	4.28013329
6.54520469	1.69940086	12.42239418	10.32720284	11.72573479	6.70431857	2.74996434	13.00464129	12.10721399	7.90145206	5.60740071	11.02505996	7.46900061	13.12348621	0.00000000	9.18596299	2.25611774	2.88052988	3.82967879	0.96902570	1.05581085	2.62417467	3.99601248	11.50441661	9.13733926	8.29992387	9.54835845	2.41994987	6.32889318	11.51590812	4.49635827	9.89150204	3.61843058	8.85744707	2.36989767	6.70261018	3.32680773	3.12441272	1.81547052	11.24416726	10.65977191	13.88697795	10.78076415	1.33584717	2.10018828	1.68873001	13.61186322	9.47842462
2.64040108	10.29348700	3.23552239	1.14075496	2.53824900	2.48102489	6.43350634	3.81719036	2.92089155	1.29389166	3.57755674	4.89108706	1.71667118	3.93603084	9.18345386	0.00000000	8.50673837	7.94510838	8.25675407	8.21487879	9.05975939	6.56035408	5.18901427	4.61450815	2.58776442	2.73959067	0.36233542	8.95138115	2.85615239	2.32904617	4.68868545	5.11761301	5.56679904	4.69538767	6.98309755	2.48329828	5.85789029	6.06017315	7.68295496	4.46268041	2.91226252	4.69920327	4.38999176	7.84805058	7.32955596	7.49551001	4.42457274	5.23195562
5.86821062	3.95532740	11.74503443	9.64996553	11.04819768	6.02740026	2.07358690	12.32711425	11.43001292	7.22435399	4.93059389	10.34736932	6.79198747	12.44595789	2.25597850	8.50886574	0.00000000	5.13614525	1.57344437	2.76345713	1.20024982	3.15369746	3.41362443	10.82670809	8.46001814	7.62266320	8.87124386	4.67569457	5.65206091	10.83855121	3.81952654	9.21389138	4.45593719	8.17996481	1.52394692	6.02552868	3.00568342	2.84060060	0.82405793	10.56649508	9.98228796	13.20935739	10.10313923	2.37451753	1.17747185	3.14312698	12.93438252	8.80084029
5.30574641	2.34963014	11.18314052	9.08788066	10.48658039	5.46481789	5.57559133	11.76548125	10.86787154	6.66205197	4.36783765	9.78599147	6.22955300	11.88432689	2.88073303	7.94656243	5.13692866	0.00000000	6.71055498	2.37305145	3.93658985	1.98252998	2.75646063	10.26535813	7.89806398	7.06061476	8.30896760	1.00679290	5.08934437	10.27665287	3.25680916	8.65238880	2.37891151	7.61826197	5.25063906	5.46320082	2.13046778	2.29560111	4.69621908	10.00508845	9.42058776	12.64787025	9.54165888	2.76199409	4.98093345	1.99323049	12.37267724	8.23929663
5.61796804	5.52858030	11.49456443	9.39957168	10.79761738	5.77720479	1.82372781	12.07654021	11.17964160	6.97404673	4.68046776	10.09669354	6.54173303	12.19538305	3.82926371	8.25855899	1.57337180	6.70920463	0.00000000	4.33666141	2.77358614	4.72678961	4.98662714	10.57602119	8.20957217	7.37225482	8.62092633	6.24883438	5.40191895	10.58808298	4.54190524	8.96326533	6.02890346	7.92941862	1.45939029	5.77523173	4.57874517	4.41368250	2.01383823	10.31583077	9.73174071	12.95872518	9.85250432	3.94772302	1.72911065	4.71627100	12.68383731	8.55023063
5.57610170	2.07886662	11.45323368	9.35806159	10.75654641	5.73522749	3.20245007	12.03545449	11.13807844	6.93233271	4.63832716	10.05584744	6.49989462	12.15429921	0.96900523	8.21684377	2.76368412	2.37288445	4.33722682	0.00000000	1.56338622	1.65512060	3.02693579	10.53520128	8.16818483	7.33077895	8.57923650	1.91232479	5.35981564	10.54674807	3.52728081	8.92230209	2.64934468	7.88826731	2.87748361	5.73349344	2.35774597	2.15535605	2.32305444	10.27495764	9.69059188	12.91777645	9.81156196	0.38894124	2.60777316	0.71968907	12.64268370	8.50922881
6.42151182	2.75515777	12.29855426	10.20341216	11.60182355	6.58065616	2.62651942	12.88073410	11.98343788	7.77771737	5.48378313	10.90108698	7.34530007	12.99957850	1.05577781	9.06222862	1.20028394	3.93616167	2.77379808	1.56333425	0.00000000	2.50060688	3.87238686	11.38043644	9.01351488	8.17612379	9.42461711	3.47563366	6.20526537	11.39206934	4.37273068	9.76756122	3.49478140	8.73355789	2.07686760	6.57888215	3.20322028	3.00083829	1.37697094	11.12020171	10.53588205	13.76303315	10.65681760	1.21235265	1.73038848	1.94306204	13.48797466	9.35449439
3.92084696	3.73387575	9.79782126	7.70270197	9.10105752	4.08000541	3.59271054	10.37996994	9.48273444	5.27703312	2.98315317	8.40029236	4.84463165	10.49881411	2.62399195	6.56154453	3.15388244	1.98246948	4.72737480	1.65504285	2.50053365	0.00000000	1.37175316	8.87963850	6.51278907	5.67540925	6.92392979	2.39124728	3.70463066	8.89133687	1.87209607	7.26678150	1.30232302	6.23280207	3.26773553	4.07820099	0.70260429	0.50022834	2.71330084	8.61941052	8.03512592	11.26225158	8.15603522	1.28822024	2.99802216	0.93539558	10.98721914	6.85371957
